# Calibration file of tamex_id 0 @ channel 12
# fine_T bin		 Calibration value
0.125		0
0.25		0
0.375		0
0.5		0
0.625		0
0.75		0
0.875		0
1		0
1.125		0
1.25		0
1.375		0
1.5		0
1.625		0
1.75		0
1.875		0
2		0
2.125		0
2.25		0
2.375		0
2.5		0
2.625		0
2.75		0
2.875		0
3		0
3.125		0
3.25		0
3.375		0
3.5		0
3.625		0
3.75		0
3.875		0
4		0
4.125		0
4.25		0
4.375		0
4.5		0
4.625		0
4.75		0
4.875		0
5		0
5.125		0
5.25		0
5.375		0
5.5		0
5.625		0
5.75		0
5.875		0
6		0
6.125		0
6.25		0
6.375		0
6.5		0
6.625		0
6.75		0
6.875		0
7		0
7.125		0
7.25		0
7.375		0
7.5		0
7.625		0
7.75		0
7.875		0
8		0
8.125		0
8.25		0
8.375		0
8.5		0
8.625		0
8.75		0
8.875		0
9		0
9.125		0
9.25		0
9.375		0
9.5		0
9.625		0
9.75		0
9.875		0
10		0
10.125		0
10.25		0
10.375		0
10.5		0
10.625		0
10.75		0
10.875		0
11		0
11.125		0
11.25		0
11.375		0
11.5		0
11.625		0
11.75		0
11.875		0
12		0
12.125		0
12.25		0
12.375		0
12.5		0
12.625		0
12.75		0
12.875		0
13		0
13.125		0
13.25		0
13.375		0
13.5		0
13.625		0
13.75		0
13.875		0
14		0
14.125		0
14.25		0
14.375		0
14.5		0
14.625		0
14.75		0
14.875		0
15		0
15.125		0
15.25		0
15.375		0
15.5		0
15.625		0
15.75		0
15.875		0
16		0
16.125		0.0105904
16.25		0.0105904
16.375		0.0105904
16.5		0.0105904
16.625		0.0105904
16.75		0.0105904
16.875		0.0105904
17		0.0105904
17.125		0.0110829
17.25		0.0110829
17.375		0.0110829
17.5		0.0110829
17.625		0.0110829
17.75		0.0110829
17.875		0.0110829
18		0.0110829
18.125		0.0113523
18.25		0.0113523
18.375		0.0113523
18.5		0.0113523
18.625		0.0113523
18.75		0.0113523
18.875		0.0113523
19		0.0113523
19.125		0.0182317
19.25		0.0182317
19.375		0.0182317
19.5		0.0182317
19.625		0.0182317
19.75		0.0182317
19.875		0.0182317
20		0.0182317
20.125		0.0236616
20.25		0.0236616
20.375		0.0236616
20.5		0.0236616
20.625		0.0236616
20.75		0.0236616
20.875		0.0236616
21		0.0236616
21.125		0.0247472
21.25		0.0247472
21.375		0.0247472
21.5		0.0247472
21.625		0.0247472
21.75		0.0247472
21.875		0.0247472
22		0.0247472
22.125		0.0261845
22.25		0.0261845
22.375		0.0261845
22.5		0.0261845
22.625		0.0261845
22.75		0.0261845
22.875		0.0261845
23		0.0261845
23.125		0.0280642
23.25		0.0280642
23.375		0.0280642
23.5		0.0280642
23.625		0.0280642
23.75		0.0280642
23.875		0.0280642
24		0.0280642
24.125		0.0292041
24.25		0.0292041
24.375		0.0292041
24.5		0.0292041
24.625		0.0292041
24.75		0.0292041
24.875		0.0292041
25		0.0292041
25.125		0.0347908
25.25		0.0347908
25.375		0.0347908
25.5		0.0347908
25.625		0.0347908
25.75		0.0347908
25.875		0.0347908
26		0.0347908
26.125		0.0350501
26.25		0.0350501
26.375		0.0350501
26.5		0.0350501
26.625		0.0350501
26.75		0.0350501
26.875		0.0350501
27		0.0350501
27.125		0.0366945
27.25		0.0366945
27.375		0.0366945
27.5		0.0366945
27.625		0.0366945
27.75		0.0366945
27.875		0.0366945
28		0.0366945
28.125		0.0384636
28.25		0.0384636
28.375		0.0384636
28.5		0.0384636
28.625		0.0384636
28.75		0.0384636
28.875		0.0384636
29		0.0384636
29.125		0.0411796
29.25		0.0411796
29.375		0.0411796
29.5		0.0411796
29.625		0.0411796
29.75		0.0411796
29.875		0.0411796
30		0.0411796
30.125		0.0427456
30.25		0.0427456
30.375		0.0427456
30.5		0.0427456
30.625		0.0427456
30.75		0.0427456
30.875		0.0427456
31		0.0427456
31.125		0.0472568
31.25		0.0472568
31.375		0.0472568
31.5		0.0472568
31.625		0.0472568
31.75		0.0472568
31.875		0.0472568
32		0.0472568
32.125		0.0481816
32.25		0.0481816
32.375		0.0481816
32.5		0.0481816
32.625		0.0481816
32.75		0.0481816
32.875		0.0481816
33		0.0481816
33.125		0.0488329
33.25		0.0488329
33.375		0.0488329
33.5		0.0488329
33.625		0.0488329
33.75		0.0488329
33.875		0.0488329
34		0.0488329
34.125		0.0515006
34.25		0.0515006
34.375		0.0515006
34.5		0.0515006
34.625		0.0515006
34.75		0.0515006
34.875		0.0515006
35		0.0515006
35.125		0.0536657
35.25		0.0536657
35.375		0.0536657
35.5		0.0536657
35.625		0.0536657
35.75		0.0536657
35.875		0.0536657
36		0.0536657
36.125		0.0567194
36.25		0.0567194
36.375		0.0567194
36.5		0.0567194
36.625		0.0567194
36.75		0.0567194
36.875		0.0567194
37		0.0567194
37.125		0.0575155
37.25		0.0575155
37.375		0.0575155
37.5		0.0575155
37.625		0.0575155
37.75		0.0575155
37.875		0.0575155
38		0.0575155
38.125		0.0604245
38.25		0.0604245
38.375		0.0604245
38.5		0.0604245
38.625		0.0604245
38.75		0.0604245
38.875		0.0604245
39		0.0604245
39.125		0.0608647
39.25		0.0608647
39.375		0.0608647
39.5		0.0608647
39.625		0.0608647
39.75		0.0608647
39.875		0.0608647
40		0.0608647
40.125		0.0662866
40.25		0.0662866
40.375		0.0662866
40.5		0.0662866
40.625		0.0662866
40.75		0.0662866
40.875		0.0662866
41		0.0662866
41.125		0.067153
41.25		0.067153
41.375		0.067153
41.5		0.067153
41.625		0.067153
41.75		0.067153
41.875		0.067153
42		0.067153
42.125		0.0699192
42.25		0.0699192
42.375		0.0699192
42.5		0.0699192
42.625		0.0699192
42.75		0.0699192
42.875		0.0699192
43		0.0699192
43.125		0.070848
43.25		0.070848
43.375		0.070848
43.5		0.070848
43.625		0.070848
43.75		0.070848
43.875		0.070848
44		0.070848
44.125		0.0742937
44.25		0.0742937
44.375		0.0742937
44.5		0.0742937
44.625		0.0742937
44.75		0.0742937
44.875		0.0742937
45		0.0742937
45.125		0.0780249
45.25		0.0780249
45.375		0.0780249
45.5		0.0780249
45.625		0.0780249
45.75		0.0780249
45.875		0.0780249
46		0.0780249
46.125		0.0789195
46.25		0.0789195
46.375		0.0789195
46.5		0.0789195
46.625		0.0789195
46.75		0.0789195
46.875		0.0789195
47		0.0789195
47.125		0.0797457
47.25		0.0797457
47.375		0.0797457
47.5		0.0797457
47.625		0.0797457
47.75		0.0797457
47.875		0.0797457
48		0.0797457
48.125		0.0825562
48.25		0.0825562
48.375		0.0825562
48.5		0.0825562
48.625		0.0825562
48.75		0.0825562
48.875		0.0825562
49		0.0825562
49.125		0.0855697
49.25		0.0855697
49.375		0.0855697
49.5		0.0855697
49.625		0.0855697
49.75		0.0855697
49.875		0.0855697
50		0.0855697
50.125		0.0872
50.25		0.0872
50.375		0.0872
50.5		0.0872
50.625		0.0872
50.75		0.0872
50.875		0.0872
51		0.0872
51.125		0.0890998
51.25		0.0890998
51.375		0.0890998
51.5		0.0890998
51.625		0.0890998
51.75		0.0890998
51.875		0.0890998
52		0.0890998
52.125		0.0924008
52.25		0.0924008
52.375		0.0924008
52.5		0.0924008
52.625		0.0924008
52.75		0.0924008
52.875		0.0924008
53		0.0924008
53.125		0.0933436
53.25		0.0933436
53.375		0.0933436
53.5		0.0933436
53.625		0.0933436
53.75		0.0933436
53.875		0.0933436
54		0.0933436
54.125		0.0942985
54.25		0.0942985
54.375		0.0942985
54.5		0.0942985
54.625		0.0942985
54.75		0.0942985
54.875		0.0942985
55		0.0942985
55.125		0.0952313
55.25		0.0952313
55.375		0.0952313
55.5		0.0952313
55.625		0.0952313
55.75		0.0952313
55.875		0.0952313
56		0.0952313
56.125		0.100358
56.25		0.100358
56.375		0.100358
56.5		0.100358
56.625		0.100358
56.75		0.100358
56.875		0.100358
57		0.100358
57.125		0.100957
57.25		0.100957
57.375		0.100957
57.5		0.100957
57.625		0.100957
57.75		0.100957
57.875		0.100957
58		0.100957
58.125		0.105237
58.25		0.105237
58.375		0.105237
58.5		0.105237
58.625		0.105237
58.75		0.105237
58.875		0.105237
59		0.105237
59.125		0.106292
59.25		0.106292
59.375		0.106292
59.5		0.106292
59.625		0.106292
59.75		0.106292
59.875		0.106292
60		0.106292
60.125		0.106624
60.25		0.106624
60.375		0.106624
60.5		0.106624
60.625		0.106624
60.75		0.106624
60.875		0.106624
61		0.106624
61.125		0.107251
61.25		0.107251
61.375		0.107251
61.5		0.107251
61.625		0.107251
61.75		0.107251
61.875		0.107251
62		0.107251
62.125		0.114587
62.25		0.114587
62.375		0.114587
62.5		0.114587
62.625		0.114587
62.75		0.114587
62.875		0.114587
63		0.114587
63.125		0.11477
63.25		0.11477
63.375		0.11477
63.5		0.11477
63.625		0.11477
63.75		0.11477
63.875		0.11477
64		0.11477
64.125		0.118229
64.25		0.118229
64.375		0.118229
64.5		0.118229
64.625		0.118229
64.75		0.118229
64.875		0.118229
65		0.118229
65.125		0.119868
65.25		0.119868
65.375		0.119868
65.5		0.119868
65.625		0.119868
65.75		0.119868
65.875		0.119868
66		0.119868
66.125		0.120431
66.25		0.120431
66.375		0.120431
66.5		0.120431
66.625		0.120431
66.75		0.120431
66.875		0.120431
67		0.120431
67.125		0.124007
67.25		0.124007
67.375		0.124007
67.5		0.124007
67.625		0.124007
67.75		0.124007
67.875		0.124007
68		0.124007
68.125		0.124588
68.25		0.124588
68.375		0.124588
68.5		0.124588
68.625		0.124588
68.75		0.124588
68.875		0.124588
69		0.124588
69.125		0.128162
69.25		0.128162
69.375		0.128162
69.5		0.128162
69.625		0.128162
69.75		0.128162
69.875		0.128162
70		0.128162
70.125		0.131272
70.25		0.131272
70.375		0.131272
70.5		0.131272
70.625		0.131272
70.75		0.131272
70.875		0.131272
71		0.131272
71.125		0.132272
71.25		0.132272
71.375		0.132272
71.5		0.132272
71.625		0.132272
71.75		0.132272
71.875		0.132272
72		0.132272
72.125		0.134935
72.25		0.134935
72.375		0.134935
72.5		0.134935
72.625		0.134935
72.75		0.134935
72.875		0.134935
73		0.134935
73.125		0.135148
73.25		0.135148
73.375		0.135148
73.5		0.135148
73.625		0.135148
73.75		0.135148
73.875		0.135148
74		0.135148
74.125		0.139581
74.25		0.139581
74.375		0.139581
74.5		0.139581
74.625		0.139581
74.75		0.139581
74.875		0.139581
75		0.139581
75.125		0.140683
75.25		0.140683
75.375		0.140683
75.5		0.140683
75.625		0.140683
75.75		0.140683
75.875		0.140683
76		0.140683
76.125		0.142179
76.25		0.142179
76.375		0.142179
76.5		0.142179
76.625		0.142179
76.75		0.142179
76.875		0.142179
77		0.142179
77.125		0.142325
77.25		0.142325
77.375		0.142325
77.5		0.142325
77.625		0.142325
77.75		0.142325
77.875		0.142325
78		0.142325
78.125		0.146772
78.25		0.146772
78.375		0.146772
78.5		0.146772
78.625		0.146772
78.75		0.146772
78.875		0.146772
79		0.146772
79.125		0.14871
79.25		0.14871
79.375		0.14871
79.5		0.14871
79.625		0.14871
79.75		0.14871
79.875		0.14871
80		0.14871
80.125		0.148927
80.25		0.148927
80.375		0.148927
80.5		0.148927
80.625		0.148927
80.75		0.148927
80.875		0.148927
81		0.148927
81.125		0.153863
81.25		0.153863
81.375		0.153863
81.5		0.153863
81.625		0.153863
81.75		0.153863
81.875		0.153863
82		0.153863
82.125		0.154832
82.25		0.154832
82.375		0.154832
82.5		0.154832
82.625		0.154832
82.75		0.154832
82.875		0.154832
83		0.154832
83.125		0.155688
83.25		0.155688
83.375		0.155688
83.5		0.155688
83.625		0.155688
83.75		0.155688
83.875		0.155688
84		0.155688
84.125		0.159158
84.25		0.159158
84.375		0.159158
84.5		0.159158
84.625		0.159158
84.75		0.159158
84.875		0.159158
85		0.159158
85.125		0.159892
85.25		0.159892
85.375		0.159892
85.5		0.159892
85.625		0.159892
85.75		0.159892
85.875		0.159892
86		0.159892
86.125		0.16085
86.25		0.16085
86.375		0.16085
86.5		0.16085
86.625		0.16085
86.75		0.16085
86.875		0.16085
87		0.16085
87.125		0.165108
87.25		0.165108
87.375		0.165108
87.5		0.165108
87.625		0.165108
87.75		0.165108
87.875		0.165108
88		0.165108
88.125		0.167024
88.25		0.167024
88.375		0.167024
88.5		0.167024
88.625		0.167024
88.75		0.167024
88.875		0.167024
89		0.167024
89.125		0.16893
89.25		0.16893
89.375		0.16893
89.5		0.16893
89.625		0.16893
89.75		0.16893
89.875		0.16893
90		0.16893
90.125		0.172028
90.25		0.172028
90.375		0.172028
90.5		0.172028
90.625		0.172028
90.75		0.172028
90.875		0.172028
91		0.172028
91.125		0.173375
91.25		0.173375
91.375		0.173375
91.5		0.173375
91.625		0.173375
91.75		0.173375
91.875		0.173375
92		0.173375
92.125		0.177056
92.25		0.177056
92.375		0.177056
92.5		0.177056
92.625		0.177056
92.75		0.177056
92.875		0.177056
93		0.177056
93.125		0.178863
93.25		0.178863
93.375		0.178863
93.5		0.178863
93.625		0.178863
93.75		0.178863
93.875		0.178863
94		0.178863
94.125		0.179106
94.25		0.179106
94.375		0.179106
94.5		0.179106
94.625		0.179106
94.75		0.179106
94.875		0.179106
95		0.179106
95.125		0.183209
95.25		0.183209
95.375		0.183209
95.5		0.183209
95.625		0.183209
95.75		0.183209
95.875		0.183209
96		0.183209
96.125		0.184297
96.25		0.184297
96.375		0.184297
96.5		0.184297
96.625		0.184297
96.75		0.184297
96.875		0.184297
97		0.184297
97.125		0.187698
97.25		0.187698
97.375		0.187698
97.5		0.187698
97.625		0.187698
97.75		0.187698
97.875		0.187698
98		0.187698
98.125		0.189781
98.25		0.189781
98.375		0.189781
98.5		0.189781
98.625		0.189781
98.75		0.189781
98.875		0.189781
99		0.189781
99.125		0.190519
99.25		0.190519
99.375		0.190519
99.5		0.190519
99.625		0.190519
99.75		0.190519
99.875		0.190519
100		0.190519
100.125		0.19077
100.25		0.19077
100.375		0.19077
100.5		0.19077
100.625		0.19077
100.75		0.19077
100.875		0.19077
101		0.19077
101.125		0.196307
101.25		0.196307
101.375		0.196307
101.5		0.196307
101.625		0.196307
101.75		0.196307
101.875		0.196307
102		0.196307
102.125		0.197149
102.25		0.197149
102.375		0.197149
102.5		0.197149
102.625		0.197149
102.75		0.197149
102.875		0.197149
103		0.197149
103.125		0.201184
103.25		0.201184
103.375		0.201184
103.5		0.201184
103.625		0.201184
103.75		0.201184
103.875		0.201184
104		0.201184
104.125		0.201606
104.25		0.201606
104.375		0.201606
104.5		0.201606
104.625		0.201606
104.75		0.201606
104.875		0.201606
105		0.201606
105.125		0.203598
105.25		0.203598
105.375		0.203598
105.5		0.203598
105.625		0.203598
105.75		0.203598
105.875		0.203598
106		0.203598
106.125		0.203825
106.25		0.203825
106.375		0.203825
106.5		0.203825
106.625		0.203825
106.75		0.203825
106.875		0.203825
107		0.203825
107.125		0.208133
107.25		0.208133
107.375		0.208133
107.5		0.208133
107.625		0.208133
107.75		0.208133
107.875		0.208133
108		0.208133
108.125		0.20935
108.25		0.20935
108.375		0.20935
108.5		0.20935
108.625		0.20935
108.75		0.20935
108.875		0.20935
109		0.20935
109.125		0.211581
109.25		0.211581
109.375		0.211581
109.5		0.211581
109.625		0.211581
109.75		0.211581
109.875		0.211581
110		0.211581
110.125		0.214365
110.25		0.214365
110.375		0.214365
110.5		0.214365
110.625		0.214365
110.75		0.214365
110.875		0.214365
111		0.214365
111.125		0.21567
111.25		0.21567
111.375		0.21567
111.5		0.21567
111.625		0.21567
111.75		0.21567
111.875		0.21567
112		0.21567
112.125		0.215879
112.25		0.215879
112.375		0.215879
112.5		0.215879
112.625		0.215879
112.75		0.215879
112.875		0.215879
113		0.215879
113.125		0.220668
113.25		0.220668
113.375		0.220668
113.5		0.220668
113.625		0.220668
113.75		0.220668
113.875		0.220668
114		0.220668
114.125		0.224037
114.25		0.224037
114.375		0.224037
114.5		0.224037
114.625		0.224037
114.75		0.224037
114.875		0.224037
115		0.224037
115.125		0.224554
115.25		0.224554
115.375		0.224554
115.5		0.224554
115.625		0.224554
115.75		0.224554
115.875		0.224554
116		0.224554
116.125		0.227095
116.25		0.227095
116.375		0.227095
116.5		0.227095
116.625		0.227095
116.75		0.227095
116.875		0.227095
117		0.227095
117.125		0.229865
117.25		0.229865
117.375		0.229865
117.5		0.229865
117.625		0.229865
117.75		0.229865
117.875		0.229865
118		0.229865
118.125		0.230874
118.25		0.230874
118.375		0.230874
118.5		0.230874
118.625		0.230874
118.75		0.230874
118.875		0.230874
119		0.230874
119.125		0.233956
119.25		0.233956
119.375		0.233956
119.5		0.233956
119.625		0.233956
119.75		0.233956
119.875		0.233956
120		0.233956
120.125		0.235582
120.25		0.235582
120.375		0.235582
120.5		0.235582
120.625		0.235582
120.75		0.235582
120.875		0.235582
121		0.235582
121.125		0.236171
121.25		0.236171
121.375		0.236171
121.5		0.236171
121.625		0.236171
121.75		0.236171
121.875		0.236171
122		0.236171
122.125		0.240341
122.25		0.240341
122.375		0.240341
122.5		0.240341
122.625		0.240341
122.75		0.240341
122.875		0.240341
123		0.240341
123.125		0.242182
123.25		0.242182
123.375		0.242182
123.5		0.242182
123.625		0.242182
123.75		0.242182
123.875		0.242182
124		0.242182
124.125		0.244703
124.25		0.244703
124.375		0.244703
124.5		0.244703
124.625		0.244703
124.75		0.244703
124.875		0.244703
125		0.244703
125.125		0.245903
125.25		0.245903
125.375		0.245903
125.5		0.245903
125.625		0.245903
125.75		0.245903
125.875		0.245903
126		0.245903
126.125		0.247478
126.25		0.247478
126.375		0.247478
126.5		0.247478
126.625		0.247478
126.75		0.247478
126.875		0.247478
127		0.247478
127.125		0.251926
127.25		0.251926
127.375		0.251926
127.5		0.251926
127.625		0.251926
127.75		0.251926
127.875		0.251926
128		0.251926
128.125		0.25215
128.25		0.25215
128.375		0.25215
128.5		0.25215
128.625		0.25215
128.75		0.25215
128.875		0.25215
129		0.25215
129.125		0.255479
129.25		0.255479
129.375		0.255479
129.5		0.255479
129.625		0.255479
129.75		0.255479
129.875		0.255479
130		0.255479
130.125		0.257394
130.25		0.257394
130.375		0.257394
130.5		0.257394
130.625		0.257394
130.75		0.257394
130.875		0.257394
131		0.257394
131.125		0.259365
131.25		0.259365
131.375		0.259365
131.5		0.259365
131.625		0.259365
131.75		0.259365
131.875		0.259365
132		0.259365
132.125		0.261574
132.25		0.261574
132.375		0.261574
132.5		0.261574
132.625		0.261574
132.75		0.261574
132.875		0.261574
133		0.261574
133.125		0.263035
133.25		0.263035
133.375		0.263035
133.5		0.263035
133.625		0.263035
133.75		0.263035
133.875		0.263035
134		0.263035
134.125		0.26468
134.25		0.26468
134.375		0.26468
134.5		0.26468
134.625		0.26468
134.75		0.26468
134.875		0.26468
135		0.26468
135.125		0.268721
135.25		0.268721
135.375		0.268721
135.5		0.268721
135.625		0.268721
135.75		0.268721
135.875		0.268721
136		0.268721
136.125		0.270916
136.25		0.270916
136.375		0.270916
136.5		0.270916
136.625		0.270916
136.75		0.270916
136.875		0.270916
137		0.270916
137.125		0.272426
137.25		0.272426
137.375		0.272426
137.5		0.272426
137.625		0.272426
137.75		0.272426
137.875		0.272426
138		0.272426
138.125		0.272836
138.25		0.272836
138.375		0.272836
138.5		0.272836
138.625		0.272836
138.75		0.272836
138.875		0.272836
139		0.272836
139.125		0.27476
139.25		0.27476
139.375		0.27476
139.5		0.27476
139.625		0.27476
139.75		0.27476
139.875		0.27476
140		0.27476
140.125		0.279225
140.25		0.279225
140.375		0.279225
140.5		0.279225
140.625		0.279225
140.75		0.279225
140.875		0.279225
141		0.279225
141.125		0.281462
141.25		0.281462
141.375		0.281462
141.5		0.281462
141.625		0.281462
141.75		0.281462
141.875		0.281462
142		0.281462
142.125		0.283497
142.25		0.283497
142.375		0.283497
142.5		0.283497
142.625		0.283497
142.75		0.283497
142.875		0.283497
143		0.283497
143.125		0.285131
143.25		0.285131
143.375		0.285131
143.5		0.285131
143.625		0.285131
143.75		0.285131
143.875		0.285131
144		0.285131
144.125		0.289013
144.25		0.289013
144.375		0.289013
144.5		0.289013
144.625		0.289013
144.75		0.289013
144.875		0.289013
145		0.289013
145.125		0.28926
145.25		0.28926
145.375		0.28926
145.5		0.28926
145.625		0.28926
145.75		0.28926
145.875		0.28926
146		0.28926
146.125		0.292664
146.25		0.292664
146.375		0.292664
146.5		0.292664
146.625		0.292664
146.75		0.292664
146.875		0.292664
147		0.292664
147.125		0.293215
147.25		0.293215
147.375		0.293215
147.5		0.293215
147.625		0.293215
147.75		0.293215
147.875		0.293215
148		0.293215
148.125		0.298357
148.25		0.298357
148.375		0.298357
148.5		0.298357
148.625		0.298357
148.75		0.298357
148.875		0.298357
149		0.298357
149.125		0.30003
149.25		0.30003
149.375		0.30003
149.5		0.30003
149.625		0.30003
149.75		0.30003
149.875		0.30003
150		0.30003
150.125		0.301322
150.25		0.301322
150.375		0.301322
150.5		0.301322
150.625		0.301322
150.75		0.301322
150.875		0.301322
151		0.301322
151.125		0.302223
151.25		0.302223
151.375		0.302223
151.5		0.302223
151.625		0.302223
151.75		0.302223
151.875		0.302223
152		0.302223
152.125		0.303634
152.25		0.303634
152.375		0.303634
152.5		0.303634
152.625		0.303634
152.75		0.303634
152.875		0.303634
153		0.303634
153.125		0.308238
153.25		0.308238
153.375		0.308238
153.5		0.308238
153.625		0.308238
153.75		0.308238
153.875		0.308238
154		0.308238
154.125		0.310379
154.25		0.310379
154.375		0.310379
154.5		0.310379
154.625		0.310379
154.75		0.310379
154.875		0.310379
155		0.310379
155.125		0.313812
155.25		0.313812
155.375		0.313812
155.5		0.313812
155.625		0.313812
155.75		0.313812
155.875		0.313812
156		0.313812
156.125		0.31407
156.25		0.31407
156.375		0.31407
156.5		0.31407
156.625		0.31407
156.75		0.31407
156.875		0.31407
157		0.31407
157.125		0.316649
157.25		0.316649
157.375		0.316649
157.5		0.316649
157.625		0.316649
157.75		0.316649
157.875		0.316649
158		0.316649
158.125		0.318864
158.25		0.318864
158.375		0.318864
158.5		0.318864
158.625		0.318864
158.75		0.318864
158.875		0.318864
159		0.318864
159.125		0.320802
159.25		0.320802
159.375		0.320802
159.5		0.320802
159.625		0.320802
159.75		0.320802
159.875		0.320802
160		0.320802
160.125		0.324135
160.25		0.324135
160.375		0.324135
160.5		0.324135
160.625		0.324135
160.75		0.324135
160.875		0.324135
161		0.324135
161.125		0.324527
161.25		0.324527
161.375		0.324527
161.5		0.324527
161.625		0.324527
161.75		0.324527
161.875		0.324527
162		0.324527
162.125		0.327961
162.25		0.327961
162.375		0.327961
162.5		0.327961
162.625		0.327961
162.75		0.327961
162.875		0.327961
163		0.327961
163.125		0.328184
163.25		0.328184
163.375		0.328184
163.5		0.328184
163.625		0.328184
163.75		0.328184
163.875		0.328184
164		0.328184
164.125		0.331224
164.25		0.331224
164.375		0.331224
164.5		0.331224
164.625		0.331224
164.75		0.331224
164.875		0.331224
165		0.331224
165.125		0.333936
165.25		0.333936
165.375		0.333936
165.5		0.333936
165.625		0.333936
165.75		0.333936
165.875		0.333936
166		0.333936
166.125		0.33593
166.25		0.33593
166.375		0.33593
166.5		0.33593
166.625		0.33593
166.75		0.33593
166.875		0.33593
167		0.33593
167.125		0.336282
167.25		0.336282
167.375		0.336282
167.5		0.336282
167.625		0.336282
167.75		0.336282
167.875		0.336282
168		0.336282
168.125		0.340504
168.25		0.340504
168.375		0.340504
168.5		0.340504
168.625		0.340504
168.75		0.340504
168.875		0.340504
169		0.340504
169.125		0.342488
169.25		0.342488
169.375		0.342488
169.5		0.342488
169.625		0.342488
169.75		0.342488
169.875		0.342488
170		0.342488
170.125		0.343993
170.25		0.343993
170.375		0.343993
170.5		0.343993
170.625		0.343993
170.75		0.343993
170.875		0.343993
171		0.343993
171.125		0.346086
171.25		0.346086
171.375		0.346086
171.5		0.346086
171.625		0.346086
171.75		0.346086
171.875		0.346086
172		0.346086
172.125		0.347861
172.25		0.347861
172.375		0.347861
172.5		0.347861
172.625		0.347861
172.75		0.347861
172.875		0.347861
173		0.347861
173.125		0.351597
173.25		0.351597
173.375		0.351597
173.5		0.351597
173.625		0.351597
173.75		0.351597
173.875		0.351597
174		0.351597
174.125		0.353464
174.25		0.353464
174.375		0.353464
174.5		0.353464
174.625		0.353464
174.75		0.353464
174.875		0.353464
175		0.353464
175.125		0.355631
175.25		0.355631
175.375		0.355631
175.5		0.355631
175.625		0.355631
175.75		0.355631
175.875		0.355631
176		0.355631
176.125		0.356685
176.25		0.356685
176.375		0.356685
176.5		0.356685
176.625		0.356685
176.75		0.356685
176.875		0.356685
177		0.356685
177.125		0.357047
177.25		0.357047
177.375		0.357047
177.5		0.357047
177.625		0.357047
177.75		0.357047
177.875		0.357047
178		0.357047
178.125		0.359272
178.25		0.359272
178.375		0.359272
178.5		0.359272
178.625		0.359272
178.75		0.359272
178.875		0.359272
179		0.359272
179.125		0.362905
179.25		0.362905
179.375		0.362905
179.5		0.362905
179.625		0.362905
179.75		0.362905
179.875		0.362905
180		0.362905
180.125		0.365679
180.25		0.365679
180.375		0.365679
180.5		0.365679
180.625		0.365679
180.75		0.365679
180.875		0.365679
181		0.365679
181.125		0.367687
181.25		0.367687
181.375		0.367687
181.5		0.367687
181.625		0.367687
181.75		0.367687
181.875		0.367687
182		0.367687
182.125		0.368057
182.25		0.368057
182.375		0.368057
182.5		0.368057
182.625		0.368057
182.75		0.368057
182.875		0.368057
183		0.368057
183.125		0.370554
183.25		0.370554
183.375		0.370554
183.5		0.370554
183.625		0.370554
183.75		0.370554
183.875		0.370554
184		0.370554
184.125		0.373622
184.25		0.373622
184.375		0.373622
184.5		0.373622
184.625		0.373622
184.75		0.373622
184.875		0.373622
185		0.373622
185.125		0.37632
185.25		0.37632
185.375		0.37632
185.5		0.37632
185.625		0.37632
185.75		0.37632
185.875		0.37632
186		0.37632
186.125		0.379785
186.25		0.379785
186.375		0.379785
186.5		0.379785
186.625		0.379785
186.75		0.379785
186.875		0.379785
187		0.379785
187.125		0.380346
187.25		0.380346
187.375		0.380346
187.5		0.380346
187.625		0.380346
187.75		0.380346
187.875		0.380346
188		0.380346
188.125		0.382507
188.25		0.382507
188.375		0.382507
188.5		0.382507
188.625		0.382507
188.75		0.382507
188.875		0.382507
189		0.382507
189.125		0.387153
189.25		0.387153
189.375		0.387153
189.5		0.387153
189.625		0.387153
189.75		0.387153
189.875		0.387153
190		0.387153
190.125		0.387537
190.25		0.387537
190.375		0.387537
190.5		0.387537
190.625		0.387537
190.75		0.387537
190.875		0.387537
191		0.387537
191.125		0.388014
191.25		0.388014
191.375		0.388014
191.5		0.388014
191.625		0.388014
191.75		0.388014
191.875		0.388014
192		0.388014
192.125		0.390854
192.25		0.390854
192.375		0.390854
192.5		0.390854
192.625		0.390854
192.75		0.390854
192.875		0.390854
193		0.390854
193.125		0.39323
193.25		0.39323
193.375		0.39323
193.5		0.39323
193.625		0.39323
193.75		0.39323
193.875		0.39323
194		0.39323
194.125		0.393667
194.25		0.393667
194.375		0.393667
194.5		0.393667
194.625		0.393667
194.75		0.393667
194.875		0.393667
195		0.393667
195.125		0.399167
195.25		0.399167
195.375		0.399167
195.5		0.399167
195.625		0.399167
195.75		0.399167
195.875		0.399167
196		0.399167
196.125		0.400238
196.25		0.400238
196.375		0.400238
196.5		0.400238
196.625		0.400238
196.75		0.400238
196.875		0.400238
197		0.400238
197.125		0.402522
197.25		0.402522
197.375		0.402522
197.5		0.402522
197.625		0.402522
197.75		0.402522
197.875		0.402522
198		0.402522
198.125		0.404625
198.25		0.404625
198.375		0.404625
198.5		0.404625
198.625		0.404625
198.75		0.404625
198.875		0.404625
199		0.404625
199.125		0.404927
199.25		0.404927
199.375		0.404927
199.5		0.404927
199.625		0.404927
199.75		0.404927
199.875		0.404927
200		0.404927
200.125		0.408555
200.25		0.408555
200.375		0.408555
200.5		0.408555
200.625		0.408555
200.75		0.408555
200.875		0.408555
201		0.408555
201.125		0.412998
201.25		0.412998
201.375		0.412998
201.5		0.412998
201.625		0.412998
201.75		0.412998
201.875		0.412998
202		0.412998
202.125		0.414809
202.25		0.414809
202.375		0.414809
202.5		0.414809
202.625		0.414809
202.75		0.414809
202.875		0.414809
203		0.414809
203.125		0.415437
203.25		0.415437
203.375		0.415437
203.5		0.415437
203.625		0.415437
203.75		0.415437
203.875		0.415437
204		0.415437
204.125		0.417974
204.25		0.417974
204.375		0.417974
204.5		0.417974
204.625		0.417974
204.75		0.417974
204.875		0.417974
205		0.417974
205.125		0.42049
205.25		0.42049
205.375		0.42049
205.5		0.42049
205.625		0.42049
205.75		0.42049
205.875		0.42049
206		0.42049
206.125		0.420786
206.25		0.420786
206.375		0.420786
206.5		0.420786
206.625		0.420786
206.75		0.420786
206.875		0.420786
207		0.420786
207.125		0.423685
207.25		0.423685
207.375		0.423685
207.5		0.423685
207.625		0.423685
207.75		0.423685
207.875		0.423685
208		0.423685
208.125		0.425066
208.25		0.425066
208.375		0.425066
208.5		0.425066
208.625		0.425066
208.75		0.425066
208.875		0.425066
209		0.425066
209.125		0.428451
209.25		0.428451
209.375		0.428451
209.5		0.428451
209.625		0.428451
209.75		0.428451
209.875		0.428451
210		0.428451
210.125		0.428767
210.25		0.428767
210.375		0.428767
210.5		0.428767
210.625		0.428767
210.75		0.428767
210.875		0.428767
211		0.428767
211.125		0.429945
211.25		0.429945
211.375		0.429945
211.5		0.429945
211.625		0.429945
211.75		0.429945
211.875		0.429945
212		0.429945
212.125		0.432301
212.25		0.432301
212.375		0.432301
212.5		0.432301
212.625		0.432301
212.75		0.432301
212.875		0.432301
213		0.432301
213.125		0.432906
213.25		0.432906
213.375		0.432906
213.5		0.432906
213.625		0.432906
213.75		0.432906
213.875		0.432906
214		0.432906
214.125		0.438324
214.25		0.438324
214.375		0.438324
214.5		0.438324
214.625		0.438324
214.75		0.438324
214.875		0.438324
215		0.438324
215.125		0.439148
215.25		0.439148
215.375		0.439148
215.5		0.439148
215.625		0.439148
215.75		0.439148
215.875		0.439148
216		0.439148
216.125		0.439965
216.25		0.439965
216.375		0.439965
216.5		0.439965
216.625		0.439965
216.75		0.439965
216.875		0.439965
217		0.439965
217.125		0.440576
217.25		0.440576
217.375		0.440576
217.5		0.440576
217.625		0.440576
217.75		0.440576
217.875		0.440576
218		0.440576
218.125		0.44607
218.25		0.44607
218.375		0.44607
218.5		0.44607
218.625		0.44607
218.75		0.44607
218.875		0.44607
219		0.44607
219.125		0.448593
219.25		0.448593
219.375		0.448593
219.5		0.448593
219.625		0.448593
219.75		0.448593
219.875		0.448593
220		0.448593
220.125		0.45085
220.25		0.45085
220.375		0.45085
220.5		0.45085
220.625		0.45085
220.75		0.45085
220.875		0.45085
221		0.45085
221.125		0.4515
221.25		0.4515
221.375		0.4515
221.5		0.4515
221.625		0.4515
221.75		0.4515
221.875		0.4515
222		0.4515
222.125		0.452304
222.25		0.452304
222.375		0.452304
222.5		0.452304
222.625		0.452304
222.75		0.452304
222.875		0.452304
223		0.452304
223.125		0.455691
223.25		0.455691
223.375		0.455691
223.5		0.455691
223.625		0.455691
223.75		0.455691
223.875		0.455691
224		0.455691
224.125		0.457304
224.25		0.457304
224.375		0.457304
224.5		0.457304
224.625		0.457304
224.75		0.457304
224.875		0.457304
225		0.457304
225.125		0.459863
225.25		0.459863
225.375		0.459863
225.5		0.459863
225.625		0.459863
225.75		0.459863
225.875		0.459863
226		0.459863
226.125		0.463839
226.25		0.463839
226.375		0.463839
226.5		0.463839
226.625		0.463839
226.75		0.463839
226.875		0.463839
227		0.463839
227.125		0.465642
227.25		0.465642
227.375		0.465642
227.5		0.465642
227.625		0.465642
227.75		0.465642
227.875		0.465642
228		0.465642
228.125		0.46595
228.25		0.46595
228.375		0.46595
228.5		0.46595
228.625		0.46595
228.75		0.46595
228.875		0.46595
229		0.46595
229.125		0.469623
229.25		0.469623
229.375		0.469623
229.5		0.469623
229.625		0.469623
229.75		0.469623
229.875		0.469623
230		0.469623
230.125		0.470055
230.25		0.470055
230.375		0.470055
230.5		0.470055
230.625		0.470055
230.75		0.470055
230.875		0.470055
231		0.470055
231.125		0.474088
231.25		0.474088
231.375		0.474088
231.5		0.474088
231.625		0.474088
231.75		0.474088
231.875		0.474088
232		0.474088
232.125		0.477091
232.25		0.477091
232.375		0.477091
232.5		0.477091
232.625		0.477091
232.75		0.477091
232.875		0.477091
233		0.477091
233.125		0.477138
233.25		0.477138
233.375		0.477138
233.5		0.477138
233.625		0.477138
233.75		0.477138
233.875		0.477138
234		0.477138
234.125		0.478991
234.25		0.478991
234.375		0.478991
234.5		0.478991
234.625		0.478991
234.75		0.478991
234.875		0.478991
235		0.478991
235.125		0.481832
235.25		0.481832
235.375		0.481832
235.5		0.481832
235.625		0.481832
235.75		0.481832
235.875		0.481832
236		0.481832
236.125		0.484536
236.25		0.484536
236.375		0.484536
236.5		0.484536
236.625		0.484536
236.75		0.484536
236.875		0.484536
237		0.484536
237.125		0.486729
237.25		0.486729
237.375		0.486729
237.5		0.486729
237.625		0.486729
237.75		0.486729
237.875		0.486729
238		0.486729
238.125		0.487344
238.25		0.487344
238.375		0.487344
238.5		0.487344
238.625		0.487344
238.75		0.487344
238.875		0.487344
239		0.487344
239.125		0.488229
239.25		0.488229
239.375		0.488229
239.5		0.488229
239.625		0.488229
239.75		0.488229
239.875		0.488229
240		0.488229
240.125		0.493061
240.25		0.493061
240.375		0.493061
240.5		0.493061
240.625		0.493061
240.75		0.493061
240.875		0.493061
241		0.493061
241.125		0.495673
241.25		0.495673
241.375		0.495673
241.5		0.495673
241.625		0.495673
241.75		0.495673
241.875		0.495673
242		0.495673
242.125		0.497301
242.25		0.497301
242.375		0.497301
242.5		0.497301
242.625		0.497301
242.75		0.497301
242.875		0.497301
243		0.497301
243.125		0.499076
243.25		0.499076
243.375		0.499076
243.5		0.499076
243.625		0.499076
243.75		0.499076
243.875		0.499076
244		0.499076
244.125		0.500556
244.25		0.500556
244.375		0.500556
244.5		0.500556
244.625		0.500556
244.75		0.500556
244.875		0.500556
245		0.500556
245.125		0.505921
245.25		0.505921
245.375		0.505921
245.5		0.505921
245.625		0.505921
245.75		0.505921
245.875		0.505921
246		0.505921
246.125		0.506259
246.25		0.506259
246.375		0.506259
246.5		0.506259
246.625		0.506259
246.75		0.506259
246.875		0.506259
247		0.506259
247.125		0.506583
247.25		0.506583
247.375		0.506583
247.5		0.506583
247.625		0.506583
247.75		0.506583
247.875		0.506583
248		0.506583
248.125		0.511578
248.25		0.511578
248.375		0.511578
248.5		0.511578
248.625		0.511578
248.75		0.511578
248.875		0.511578
249		0.511578
249.125		0.512272
249.25		0.512272
249.375		0.512272
249.5		0.512272
249.625		0.512272
249.75		0.512272
249.875		0.512272
250		0.512272
250.125		0.515768
250.25		0.515768
250.375		0.515768
250.5		0.515768
250.625		0.515768
250.75		0.515768
250.875		0.515768
251		0.515768
251.125		0.517439
251.25		0.517439
251.375		0.517439
251.5		0.517439
251.625		0.517439
251.75		0.517439
251.875		0.517439
252		0.517439
252.125		0.518757
252.25		0.518757
252.375		0.518757
252.5		0.518757
252.625		0.518757
252.75		0.518757
252.875		0.518757
253		0.518757
253.125		0.522712
253.25		0.522712
253.375		0.522712
253.5		0.522712
253.625		0.522712
253.75		0.522712
253.875		0.522712
254		0.522712
254.125		0.525213
254.25		0.525213
254.375		0.525213
254.5		0.525213
254.625		0.525213
254.75		0.525213
254.875		0.525213
255		0.525213
255.125		0.526395
255.25		0.526395
255.375		0.526395
255.5		0.526395
255.625		0.526395
255.75		0.526395
255.875		0.526395
256		0.526395
256.125		0.527532
256.25		0.527532
256.375		0.527532
256.5		0.527532
256.625		0.527532
256.75		0.527532
256.875		0.527532
257		0.527532
257.125		0.529177
257.25		0.529177
257.375		0.529177
257.5		0.529177
257.625		0.529177
257.75		0.529177
257.875		0.529177
258		0.529177
258.125		0.532814
258.25		0.532814
258.375		0.532814
258.5		0.532814
258.625		0.532814
258.75		0.532814
258.875		0.532814
259		0.532814
259.125		0.535634
259.25		0.535634
259.375		0.535634
259.5		0.535634
259.625		0.535634
259.75		0.535634
259.875		0.535634
260		0.535634
260.125		0.538024
260.25		0.538024
260.375		0.538024
260.5		0.538024
260.625		0.538024
260.75		0.538024
260.875		0.538024
261		0.538024
261.125		0.538788
261.25		0.538788
261.375		0.538788
261.5		0.538788
261.625		0.538788
261.75		0.538788
261.875		0.538788
262		0.538788
262.125		0.540063
262.25		0.540063
262.375		0.540063
262.5		0.540063
262.625		0.540063
262.75		0.540063
262.875		0.540063
263		0.540063
263.125		0.540976
263.25		0.540976
263.375		0.540976
263.5		0.540976
263.625		0.540976
263.75		0.540976
263.875		0.540976
264		0.540976
264.125		0.543766
264.25		0.543766
264.375		0.543766
264.5		0.543766
264.625		0.543766
264.75		0.543766
264.875		0.543766
265		0.543766
265.125		0.545364
265.25		0.545364
265.375		0.545364
265.5		0.545364
265.625		0.545364
265.75		0.545364
265.875		0.545364
266		0.545364
266.125		0.54689
266.25		0.54689
266.375		0.54689
266.5		0.54689
266.625		0.54689
266.75		0.54689
266.875		0.54689
267		0.54689
267.125		0.549093
267.25		0.549093
267.375		0.549093
267.5		0.549093
267.625		0.549093
267.75		0.549093
267.875		0.549093
268		0.549093
268.125		0.550677
268.25		0.550677
268.375		0.550677
268.5		0.550677
268.625		0.550677
268.75		0.550677
268.875		0.550677
269		0.550677
269.125		0.553504
269.25		0.553504
269.375		0.553504
269.5		0.553504
269.625		0.553504
269.75		0.553504
269.875		0.553504
270		0.553504
270.125		0.557955
270.25		0.557955
270.375		0.557955
270.5		0.557955
270.625		0.557955
270.75		0.557955
270.875		0.557955
271		0.557955
271.125		0.55969
271.25		0.55969
271.375		0.55969
271.5		0.55969
271.625		0.55969
271.75		0.55969
271.875		0.55969
272		0.55969
272.125		0.560568
272.25		0.560568
272.375		0.560568
272.5		0.560568
272.625		0.560568
272.75		0.560568
272.875		0.560568
273		0.560568
273.125		0.564923
273.25		0.564923
273.375		0.564923
273.5		0.564923
273.625		0.564923
273.75		0.564923
273.875		0.564923
274		0.564923
274.125		0.565642
274.25		0.565642
274.375		0.565642
274.5		0.565642
274.625		0.565642
274.75		0.565642
274.875		0.565642
275		0.565642
275.125		0.567043
275.25		0.567043
275.375		0.567043
275.5		0.567043
275.625		0.567043
275.75		0.567043
275.875		0.567043
276		0.567043
276.125		0.570974
276.25		0.570974
276.375		0.570974
276.5		0.570974
276.625		0.570974
276.75		0.570974
276.875		0.570974
277		0.570974
277.125		0.571768
277.25		0.571768
277.375		0.571768
277.5		0.571768
277.625		0.571768
277.75		0.571768
277.875		0.571768
278		0.571768
278.125		0.573197
278.25		0.573197
278.375		0.573197
278.5		0.573197
278.625		0.573197
278.75		0.573197
278.875		0.573197
279		0.573197
279.125		0.57796
279.25		0.57796
279.375		0.57796
279.5		0.57796
279.625		0.57796
279.75		0.57796
279.875		0.57796
280		0.57796
280.125		0.580318
280.25		0.580318
280.375		0.580318
280.5		0.580318
280.625		0.580318
280.75		0.580318
280.875		0.580318
281		0.580318
281.125		0.582895
281.25		0.582895
281.375		0.582895
281.5		0.582895
281.625		0.582895
281.75		0.582895
281.875		0.582895
282		0.582895
282.125		0.584572
282.25		0.584572
282.375		0.584572
282.5		0.584572
282.625		0.584572
282.75		0.584572
282.875		0.584572
283		0.584572
283.125		0.588206
283.25		0.588206
283.375		0.588206
283.5		0.588206
283.625		0.588206
283.75		0.588206
283.875		0.588206
284		0.588206
284.125		0.591696
284.25		0.591696
284.375		0.591696
284.5		0.591696
284.625		0.591696
284.75		0.591696
284.875		0.591696
285		0.591696
285.125		0.593887
285.25		0.593887
285.375		0.593887
285.5		0.593887
285.625		0.593887
285.75		0.593887
285.875		0.593887
286		0.593887
286.125		0.595011
286.25		0.595011
286.375		0.595011
286.5		0.595011
286.625		0.595011
286.75		0.595011
286.875		0.595011
287		0.595011
287.125		0.595586
287.25		0.595586
287.375		0.595586
287.5		0.595586
287.625		0.595586
287.75		0.595586
287.875		0.595586
288		0.595586
288.125		0.599798
288.25		0.599798
288.375		0.599798
288.5		0.599798
288.625		0.599798
288.75		0.599798
288.875		0.599798
289		0.599798
289.125		0.600471
289.25		0.600471
289.375		0.600471
289.5		0.600471
289.625		0.600471
289.75		0.600471
289.875		0.600471
290		0.600471
290.125		0.600475
290.25		0.600475
290.375		0.600475
290.5		0.600475
290.625		0.600475
290.75		0.600475
290.875		0.600475
291		0.600475
291.125		0.604826
291.25		0.604826
291.375		0.604826
291.5		0.604826
291.625		0.604826
291.75		0.604826
291.875		0.604826
292		0.604826
292.125		0.60724
292.25		0.60724
292.375		0.60724
292.5		0.60724
292.625		0.60724
292.75		0.60724
292.875		0.60724
293		0.60724
293.125		0.608689
293.25		0.608689
293.375		0.608689
293.5		0.608689
293.625		0.608689
293.75		0.608689
293.875		0.608689
294		0.608689
294.125		0.613456
294.25		0.613456
294.375		0.613456
294.5		0.613456
294.625		0.613456
294.75		0.613456
294.875		0.613456
295		0.613456
295.125		0.613564
295.25		0.613564
295.375		0.613564
295.5		0.613564
295.625		0.613564
295.75		0.613564
295.875		0.613564
296		0.613564
296.125		0.617107
296.25		0.617107
296.375		0.617107
296.5		0.617107
296.625		0.617107
296.75		0.617107
296.875		0.617107
297		0.617107
297.125		0.619382
297.25		0.619382
297.375		0.619382
297.5		0.619382
297.625		0.619382
297.75		0.619382
297.875		0.619382
298		0.619382
298.125		0.620209
298.25		0.620209
298.375		0.620209
298.5		0.620209
298.625		0.620209
298.75		0.620209
298.875		0.620209
299		0.620209
299.125		0.624623
299.25		0.624623
299.375		0.624623
299.5		0.624623
299.625		0.624623
299.75		0.624623
299.875		0.624623
300		0.624623
300.125		0.625216
300.25		0.625216
300.375		0.625216
300.5		0.625216
300.625		0.625216
300.75		0.625216
300.875		0.625216
301		0.625216
301.125		0.626131
301.25		0.626131
301.375		0.626131
301.5		0.626131
301.625		0.626131
301.75		0.626131
301.875		0.626131
302		0.626131
302.125		0.630196
302.25		0.630196
302.375		0.630196
302.5		0.630196
302.625		0.630196
302.75		0.630196
302.875		0.630196
303		0.630196
303.125		0.633087
303.25		0.633087
303.375		0.633087
303.5		0.633087
303.625		0.633087
303.75		0.633087
303.875		0.633087
304		0.633087
304.125		0.638119
304.25		0.638119
304.375		0.638119
304.5		0.638119
304.625		0.638119
304.75		0.638119
304.875		0.638119
305		0.638119
305.125		0.638426
305.25		0.638426
305.375		0.638426
305.5		0.638426
305.625		0.638426
305.75		0.638426
305.875		0.638426
306		0.638426
306.125		0.640045
306.25		0.640045
306.375		0.640045
306.5		0.640045
306.625		0.640045
306.75		0.640045
306.875		0.640045
307		0.640045
307.125		0.645945
307.25		0.645945
307.375		0.645945
307.5		0.645945
307.625		0.645945
307.75		0.645945
307.875		0.645945
308		0.645945
308.125		0.649021
308.25		0.649021
308.375		0.649021
308.5		0.649021
308.625		0.649021
308.75		0.649021
308.875		0.649021
309		0.649021
309.125		0.650695
309.25		0.650695
309.375		0.650695
309.5		0.650695
309.625		0.650695
309.75		0.650695
309.875		0.650695
310		0.650695
310.125		0.655604
310.25		0.655604
310.375		0.655604
310.5		0.655604
310.625		0.655604
310.75		0.655604
310.875		0.655604
311		0.655604
311.125		0.656372
311.25		0.656372
311.375		0.656372
311.5		0.656372
311.625		0.656372
311.75		0.656372
311.875		0.656372
312		0.656372
312.125		0.65825
312.25		0.65825
312.375		0.65825
312.5		0.65825
312.625		0.65825
312.75		0.65825
312.875		0.65825
313		0.65825
313.125		0.658871
313.25		0.658871
313.375		0.658871
313.5		0.658871
313.625		0.658871
313.75		0.658871
313.875		0.658871
314		0.658871
314.125		0.661054
314.25		0.661054
314.375		0.661054
314.5		0.661054
314.625		0.661054
314.75		0.661054
314.875		0.661054
315		0.661054
315.125		0.667069
315.25		0.667069
315.375		0.667069
315.5		0.667069
315.625		0.667069
315.75		0.667069
315.875		0.667069
316		0.667069
316.125		0.66763
316.25		0.66763
316.375		0.66763
316.5		0.66763
316.625		0.66763
316.75		0.66763
316.875		0.66763
317		0.66763
317.125		0.668207
317.25		0.668207
317.375		0.668207
317.5		0.668207
317.625		0.668207
317.75		0.668207
317.875		0.668207
318		0.668207
318.125		0.67228
318.25		0.67228
318.375		0.67228
318.5		0.67228
318.625		0.67228
318.75		0.67228
318.875		0.67228
319		0.67228
319.125		0.673527
319.25		0.673527
319.375		0.673527
319.5		0.673527
319.625		0.673527
319.75		0.673527
319.875		0.673527
320		0.673527
320.125		0.67544
320.25		0.67544
320.375		0.67544
320.5		0.67544
320.625		0.67544
320.75		0.67544
320.875		0.67544
321		0.67544
321.125		0.679531
321.25		0.679531
321.375		0.679531
321.5		0.679531
321.625		0.679531
321.75		0.679531
321.875		0.679531
322		0.679531
322.125		0.68002
322.25		0.68002
322.375		0.68002
322.5		0.68002
322.625		0.68002
322.75		0.68002
322.875		0.68002
323		0.68002
323.125		0.682686
323.25		0.682686
323.375		0.682686
323.5		0.682686
323.625		0.682686
323.75		0.682686
323.875		0.682686
324		0.682686
324.125		0.685164
324.25		0.685164
324.375		0.685164
324.5		0.685164
324.625		0.685164
324.75		0.685164
324.875		0.685164
325		0.685164
325.125		0.685942
325.25		0.685942
325.375		0.685942
325.5		0.685942
325.625		0.685942
325.75		0.685942
325.875		0.685942
326		0.685942
326.125		0.68823
326.25		0.68823
326.375		0.68823
326.5		0.68823
326.625		0.68823
326.75		0.68823
326.875		0.68823
327		0.68823
327.125		0.692731
327.25		0.692731
327.375		0.692731
327.5		0.692731
327.625		0.692731
327.75		0.692731
327.875		0.692731
328		0.692731
328.125		0.694904
328.25		0.694904
328.375		0.694904
328.5		0.694904
328.625		0.694904
328.75		0.694904
328.875		0.694904
329		0.694904
329.125		0.697301
329.25		0.697301
329.375		0.697301
329.5		0.697301
329.625		0.697301
329.75		0.697301
329.875		0.697301
330		0.697301
330.125		0.69792
330.25		0.69792
330.375		0.69792
330.5		0.69792
330.625		0.69792
330.75		0.69792
330.875		0.69792
331		0.69792
331.125		0.69955
331.25		0.69955
331.375		0.69955
331.5		0.69955
331.625		0.69955
331.75		0.69955
331.875		0.69955
332		0.69955
332.125		0.703824
332.25		0.703824
332.375		0.703824
332.5		0.703824
332.625		0.703824
332.75		0.703824
332.875		0.703824
333		0.703824
333.125		0.704281
333.25		0.704281
333.375		0.704281
333.5		0.704281
333.625		0.704281
333.75		0.704281
333.875		0.704281
334		0.704281
334.125		0.706743
334.25		0.706743
334.375		0.706743
334.5		0.706743
334.625		0.706743
334.75		0.706743
334.875		0.706743
335		0.706743
335.125		0.708637
335.25		0.708637
335.375		0.708637
335.5		0.708637
335.625		0.708637
335.75		0.708637
335.875		0.708637
336		0.708637
336.125		0.711411
336.25		0.711411
336.375		0.711411
336.5		0.711411
336.625		0.711411
336.75		0.711411
336.875		0.711411
337		0.711411
337.125		0.712061
337.25		0.712061
337.375		0.712061
337.5		0.712061
337.625		0.712061
337.75		0.712061
337.875		0.712061
338		0.712061
338.125		0.714972
338.25		0.714972
338.375		0.714972
338.5		0.714972
338.625		0.714972
338.75		0.714972
338.875		0.714972
339		0.714972
339.125		0.716349
339.25		0.716349
339.375		0.716349
339.5		0.716349
339.625		0.716349
339.75		0.716349
339.875		0.716349
340		0.716349
340.125		0.722132
340.25		0.722132
340.375		0.722132
340.5		0.722132
340.625		0.722132
340.75		0.722132
340.875		0.722132
341		0.722132
341.125		0.722926
341.25		0.722926
341.375		0.722926
341.5		0.722926
341.625		0.722926
341.75		0.722926
341.875		0.722926
342		0.722926
342.125		0.724362
342.25		0.724362
342.375		0.724362
342.5		0.724362
342.625		0.724362
342.75		0.724362
342.875		0.724362
343		0.724362
343.125		0.73055
343.25		0.73055
343.375		0.73055
343.5		0.73055
343.625		0.73055
343.75		0.73055
343.875		0.73055
344		0.73055
344.125		0.734074
344.25		0.734074
344.375		0.734074
344.5		0.734074
344.625		0.734074
344.75		0.734074
344.875		0.734074
345		0.734074
345.125		0.737332
345.25		0.737332
345.375		0.737332
345.5		0.737332
345.625		0.737332
345.75		0.737332
345.875		0.737332
346		0.737332
346.125		0.739079
346.25		0.739079
346.375		0.739079
346.5		0.739079
346.625		0.739079
346.75		0.739079
346.875		0.739079
347		0.739079
347.125		0.739218
347.25		0.739218
347.375		0.739218
347.5		0.739218
347.625		0.739218
347.75		0.739218
347.875		0.739218
348		0.739218
348.125		0.740951
348.25		0.740951
348.375		0.740951
348.5		0.740951
348.625		0.740951
348.75		0.740951
348.875		0.740951
349		0.740951
349.125		0.740951
349.25		0.740951
349.375		0.740951
349.5		0.740951
349.625		0.740951
349.75		0.740951
349.875		0.740951
350		0.740951
350.125		0.745912
350.25		0.745912
350.375		0.745912
350.5		0.745912
350.625		0.745912
350.75		0.745912
350.875		0.745912
351		0.745912
351.125		0.745912
351.25		0.745912
351.375		0.745912
351.5		0.745912
351.625		0.745912
351.75		0.745912
351.875		0.745912
352		0.745912
352.125		0.747838
352.25		0.747838
352.375		0.747838
352.5		0.747838
352.625		0.747838
352.75		0.747838
352.875		0.747838
353		0.747838
353.125		0.751252
353.25		0.751252
353.375		0.751252
353.5		0.751252
353.625		0.751252
353.75		0.751252
353.875		0.751252
354		0.751252
354.125		0.751688
354.25		0.751688
354.375		0.751688
354.5		0.751688
354.625		0.751688
354.75		0.751688
354.875		0.751688
355		0.751688
355.125		0.753564
355.25		0.753564
355.375		0.753564
355.5		0.753564
355.625		0.753564
355.75		0.753564
355.875		0.753564
356		0.753564
356.125		0.757745
356.25		0.757745
356.375		0.757745
356.5		0.757745
356.625		0.757745
356.75		0.757745
356.875		0.757745
357		0.757745
357.125		0.760556
357.25		0.760556
357.375		0.760556
357.5		0.760556
357.625		0.760556
357.75		0.760556
357.875		0.760556
358		0.760556
358.125		0.761215
358.25		0.761215
358.375		0.761215
358.5		0.761215
358.625		0.761215
358.75		0.761215
358.875		0.761215
359		0.761215
359.125		0.76254
359.25		0.76254
359.375		0.76254
359.5		0.76254
359.625		0.76254
359.75		0.76254
359.875		0.76254
360		0.76254
360.125		0.768665
360.25		0.768665
360.375		0.768665
360.5		0.768665
360.625		0.768665
360.75		0.768665
360.875		0.768665
361		0.768665
361.125		0.769174
361.25		0.769174
361.375		0.769174
361.5		0.769174
361.625		0.769174
361.75		0.769174
361.875		0.769174
362		0.769174
362.125		0.770308
362.25		0.770308
362.375		0.770308
362.5		0.770308
362.625		0.770308
362.75		0.770308
362.875		0.770308
363		0.770308
363.125		0.773048
363.25		0.773048
363.375		0.773048
363.5		0.773048
363.625		0.773048
363.75		0.773048
363.875		0.773048
364		0.773048
364.125		0.775169
364.25		0.775169
364.375		0.775169
364.5		0.775169
364.625		0.775169
364.75		0.775169
364.875		0.775169
365		0.775169
365.125		0.776654
365.25		0.776654
365.375		0.776654
365.5		0.776654
365.625		0.776654
365.75		0.776654
365.875		0.776654
366		0.776654
366.125		0.778934
366.25		0.778934
366.375		0.778934
366.5		0.778934
366.625		0.778934
366.75		0.778934
366.875		0.778934
367		0.778934
367.125		0.779919
367.25		0.779919
367.375		0.779919
367.5		0.779919
367.625		0.779919
367.75		0.779919
367.875		0.779919
368		0.779919
368.125		0.781162
368.25		0.781162
368.375		0.781162
368.5		0.781162
368.625		0.781162
368.75		0.781162
368.875		0.781162
369		0.781162
369.125		0.785629
369.25		0.785629
369.375		0.785629
369.5		0.785629
369.625		0.785629
369.75		0.785629
369.875		0.785629
370		0.785629
370.125		0.788473
370.25		0.788473
370.375		0.788473
370.5		0.788473
370.625		0.788473
370.75		0.788473
370.875		0.788473
371		0.788473
371.125		0.789929
371.25		0.789929
371.375		0.789929
371.5		0.789929
371.625		0.789929
371.75		0.789929
371.875		0.789929
372		0.789929
372.125		0.790218
372.25		0.790218
372.375		0.790218
372.5		0.790218
372.625		0.790218
372.75		0.790218
372.875		0.790218
373		0.790218
373.125		0.797399
373.25		0.797399
373.375		0.797399
373.5		0.797399
373.625		0.797399
373.75		0.797399
373.875		0.797399
374		0.797399
374.125		0.80067
374.25		0.80067
374.375		0.80067
374.5		0.80067
374.625		0.80067
374.75		0.80067
374.875		0.80067
375		0.80067
375.125		0.801018
375.25		0.801018
375.375		0.801018
375.5		0.801018
375.625		0.801018
375.75		0.801018
375.875		0.801018
376		0.801018
376.125		0.805764
376.25		0.805764
376.375		0.805764
376.5		0.805764
376.625		0.805764
376.75		0.805764
376.875		0.805764
377		0.805764
377.125		0.807392
377.25		0.807392
377.375		0.807392
377.5		0.807392
377.625		0.807392
377.75		0.807392
377.875		0.807392
378		0.807392
378.125		0.807624
378.25		0.807624
378.375		0.807624
378.5		0.807624
378.625		0.807624
378.75		0.807624
378.875		0.807624
379		0.807624
379.125		0.810145
379.25		0.810145
379.375		0.810145
379.5		0.810145
379.625		0.810145
379.75		0.810145
379.875		0.810145
380		0.810145
380.125		0.814364
380.25		0.814364
380.375		0.814364
380.5		0.814364
380.625		0.814364
380.75		0.814364
380.875		0.814364
381		0.814364
381.125		0.817134
381.25		0.817134
381.375		0.817134
381.5		0.817134
381.625		0.817134
381.75		0.817134
381.875		0.817134
382		0.817134
382.125		0.817832
382.25		0.817832
382.375		0.817832
382.5		0.817832
382.625		0.817832
382.75		0.817832
382.875		0.817832
383		0.817832
383.125		0.819877
383.25		0.819877
383.375		0.819877
383.5		0.819877
383.625		0.819877
383.75		0.819877
383.875		0.819877
384		0.819877
384.125		0.820291
384.25		0.820291
384.375		0.820291
384.5		0.820291
384.625		0.820291
384.75		0.820291
384.875		0.820291
385		0.820291
385.125		0.824416
385.25		0.824416
385.375		0.824416
385.5		0.824416
385.625		0.824416
385.75		0.824416
385.875		0.824416
386		0.824416
386.125		0.827854
386.25		0.827854
386.375		0.827854
386.5		0.827854
386.625		0.827854
386.75		0.827854
386.875		0.827854
387		0.827854
387.125		0.828597
387.25		0.828597
387.375		0.828597
387.5		0.828597
387.625		0.828597
387.75		0.828597
387.875		0.828597
388		0.828597
388.125		0.830109
388.25		0.830109
388.375		0.830109
388.5		0.830109
388.625		0.830109
388.75		0.830109
388.875		0.830109
389		0.830109
389.125		0.831384
389.25		0.831384
389.375		0.831384
389.5		0.831384
389.625		0.831384
389.75		0.831384
389.875		0.831384
390		0.831384
390.125		0.836751
390.25		0.836751
390.375		0.836751
390.5		0.836751
390.625		0.836751
390.75		0.836751
390.875		0.836751
391		0.836751
391.125		0.838187
391.25		0.838187
391.375		0.838187
391.5		0.838187
391.625		0.838187
391.75		0.838187
391.875		0.838187
392		0.838187
392.125		0.838544
392.25		0.838544
392.375		0.838544
392.5		0.838544
392.625		0.838544
392.75		0.838544
392.875		0.838544
393		0.838544
393.125		0.839373
393.25		0.839373
393.375		0.839373
393.5		0.839373
393.625		0.839373
393.75		0.839373
393.875		0.839373
394		0.839373
394.125		0.842503
394.25		0.842503
394.375		0.842503
394.5		0.842503
394.625		0.842503
394.75		0.842503
394.875		0.842503
395		0.842503
395.125		0.846306
395.25		0.846306
395.375		0.846306
395.5		0.846306
395.625		0.846306
395.75		0.846306
395.875		0.846306
396		0.846306
396.125		0.846767
396.25		0.846767
396.375		0.846767
396.5		0.846767
396.625		0.846767
396.75		0.846767
396.875		0.846767
397		0.846767
397.125		0.848976
397.25		0.848976
397.375		0.848976
397.5		0.848976
397.625		0.848976
397.75		0.848976
397.875		0.848976
398		0.848976
398.125		0.849812
398.25		0.849812
398.375		0.849812
398.5		0.849812
398.625		0.849812
398.75		0.849812
398.875		0.849812
399		0.849812
399.125		0.855465
399.25		0.855465
399.375		0.855465
399.5		0.855465
399.625		0.855465
399.75		0.855465
399.875		0.855465
400		0.855465
400.125		0.855765
400.25		0.855765
400.375		0.855765
400.5		0.855765
400.625		0.855765
400.75		0.855765
400.875		0.855765
401		0.855765
401.125		0.857846
401.25		0.857846
401.375		0.857846
401.5		0.857846
401.625		0.857846
401.75		0.857846
401.875		0.857846
402		0.857846
402.125		0.861048
402.25		0.861048
402.375		0.861048
402.5		0.861048
402.625		0.861048
402.75		0.861048
402.875		0.861048
403		0.861048
403.125		0.861428
403.25		0.861428
403.375		0.861428
403.5		0.861428
403.625		0.861428
403.75		0.861428
403.875		0.861428
404		0.861428
404.125		0.863897
404.25		0.863897
404.375		0.863897
404.5		0.863897
404.625		0.863897
404.75		0.863897
404.875		0.863897
405		0.863897
405.125		0.867851
405.25		0.867851
405.375		0.867851
405.5		0.867851
405.625		0.867851
405.75		0.867851
405.875		0.867851
406		0.867851
406.125		0.868185
406.25		0.868185
406.375		0.868185
406.5		0.868185
406.625		0.868185
406.75		0.868185
406.875		0.868185
407		0.868185
407.125		0.87198
407.25		0.87198
407.375		0.87198
407.5		0.87198
407.625		0.87198
407.75		0.87198
407.875		0.87198
408		0.87198
408.125		0.873377
408.25		0.873377
408.375		0.873377
408.5		0.873377
408.625		0.873377
408.75		0.873377
408.875		0.873377
409		0.873377
409.125		0.875663
409.25		0.875663
409.375		0.875663
409.5		0.875663
409.625		0.875663
409.75		0.875663
409.875		0.875663
410		0.875663
410.125		0.876027
410.25		0.876027
410.375		0.876027
410.5		0.876027
410.625		0.876027
410.75		0.876027
410.875		0.876027
411		0.876027
411.125		0.878618
411.25		0.878618
411.375		0.878618
411.5		0.878618
411.625		0.878618
411.75		0.878618
411.875		0.878618
412		0.878618
412.125		0.882577
412.25		0.882577
412.375		0.882577
412.5		0.882577
412.625		0.882577
412.75		0.882577
412.875		0.882577
413		0.882577
413.125		0.883783
413.25		0.883783
413.375		0.883783
413.5		0.883783
413.625		0.883783
413.75		0.883783
413.875		0.883783
414		0.883783
414.125		0.886589
414.25		0.886589
414.375		0.886589
414.5		0.886589
414.625		0.886589
414.75		0.886589
414.875		0.886589
415		0.886589
415.125		0.887285
415.25		0.887285
415.375		0.887285
415.5		0.887285
415.625		0.887285
415.75		0.887285
415.875		0.887285
416		0.887285
416.125		0.893022
416.25		0.893022
416.375		0.893022
416.5		0.893022
416.625		0.893022
416.75		0.893022
416.875		0.893022
417		0.893022
417.125		0.894102
417.25		0.894102
417.375		0.894102
417.5		0.894102
417.625		0.894102
417.75		0.894102
417.875		0.894102
418		0.894102
418.125		0.896301
418.25		0.896301
418.375		0.896301
418.5		0.896301
418.625		0.896301
418.75		0.896301
418.875		0.896301
419		0.896301
419.125		0.89844
419.25		0.89844
419.375		0.89844
419.5		0.89844
419.625		0.89844
419.75		0.89844
419.875		0.89844
420		0.89844
420.125		0.899214
420.25		0.899214
420.375		0.899214
420.5		0.899214
420.625		0.899214
420.75		0.899214
420.875		0.899214
421		0.899214
421.125		0.900282
421.25		0.900282
421.375		0.900282
421.5		0.900282
421.625		0.900282
421.75		0.900282
421.875		0.900282
422		0.900282
422.125		0.904849
422.25		0.904849
422.375		0.904849
422.5		0.904849
422.625		0.904849
422.75		0.904849
422.875		0.904849
423		0.904849
423.125		0.907812
423.25		0.907812
423.375		0.907812
423.5		0.907812
423.625		0.907812
423.75		0.907812
423.875		0.907812
424		0.907812
424.125		0.909047
424.25		0.909047
424.375		0.909047
424.5		0.909047
424.625		0.909047
424.75		0.909047
424.875		0.909047
425		0.909047
425.125		0.909443
425.25		0.909443
425.375		0.909443
425.5		0.909443
425.625		0.909443
425.75		0.909443
425.875		0.909443
426		0.909443
426.125		0.91195
426.25		0.91195
426.375		0.91195
426.5		0.91195
426.625		0.91195
426.75		0.91195
426.875		0.91195
427		0.91195
427.125		0.913144
427.25		0.913144
427.375		0.913144
427.5		0.913144
427.625		0.913144
427.75		0.913144
427.875		0.913144
428		0.913144
428.125		0.915088
428.25		0.915088
428.375		0.915088
428.5		0.915088
428.625		0.915088
428.75		0.915088
428.875		0.915088
429		0.915088
429.125		0.917518
429.25		0.917518
429.375		0.917518
429.5		0.917518
429.625		0.917518
429.75		0.917518
429.875		0.917518
430		0.917518
430.125		0.920212
430.25		0.920212
430.375		0.920212
430.5		0.920212
430.625		0.920212
430.75		0.920212
430.875		0.920212
431		0.920212
431.125		0.922608
431.25		0.922608
431.375		0.922608
431.5		0.922608
431.625		0.922608
431.75		0.922608
431.875		0.922608
432		0.922608
432.125		0.924611
432.25		0.924611
432.375		0.924611
432.5		0.924611
432.625		0.924611
432.75		0.924611
432.875		0.924611
433		0.924611
433.125		0.926695
433.25		0.926695
433.375		0.926695
433.5		0.926695
433.625		0.926695
433.75		0.926695
433.875		0.926695
434		0.926695
434.125		0.927286
434.25		0.927286
434.375		0.927286
434.5		0.927286
434.625		0.927286
434.75		0.927286
434.875		0.927286
435		0.927286
435.125		0.928754
435.25		0.928754
435.375		0.928754
435.5		0.928754
435.625		0.928754
435.75		0.928754
435.875		0.928754
436		0.928754
436.125		0.935424
436.25		0.935424
436.375		0.935424
436.5		0.935424
436.625		0.935424
436.75		0.935424
436.875		0.935424
437		0.935424
437.125		0.935424
437.25		0.935424
437.375		0.935424
437.5		0.935424
437.625		0.935424
437.75		0.935424
437.875		0.935424
438		0.935424
438.125		0.935828
438.25		0.935828
438.375		0.935828
438.5		0.935828
438.625		0.935828
438.75		0.935828
438.875		0.935828
439		0.935828
439.125		0.937231
439.25		0.937231
439.375		0.937231
439.5		0.937231
439.625		0.937231
439.75		0.937231
439.875		0.937231
440		0.937231
440.125		0.939598
440.25		0.939598
440.375		0.939598
440.5		0.939598
440.625		0.939598
440.75		0.939598
440.875		0.939598
441		0.939598
441.125		0.944535
441.25		0.944535
441.375		0.944535
441.5		0.944535
441.625		0.944535
441.75		0.944535
441.875		0.944535
442		0.944535
442.125		0.944983
442.25		0.944983
442.375		0.944983
442.5		0.944983
442.625		0.944983
442.75		0.944983
442.875		0.944983
443		0.944983
443.125		0.947327
443.25		0.947327
443.375		0.947327
443.5		0.947327
443.625		0.947327
443.75		0.947327
443.875		0.947327
444		0.947327
444.125		0.948459
444.25		0.948459
444.375		0.948459
444.5		0.948459
444.625		0.948459
444.75		0.948459
444.875		0.948459
445		0.948459
445.125		0.950896
445.25		0.950896
445.375		0.950896
445.5		0.950896
445.625		0.950896
445.75		0.950896
445.875		0.950896
446		0.950896
446.125		0.951903
446.25		0.951903
446.375		0.951903
446.5		0.951903
446.625		0.951903
446.75		0.951903
446.875		0.951903
447		0.951903
447.125		0.954386
447.25		0.954386
447.375		0.954386
447.5		0.954386
447.625		0.954386
447.75		0.954386
447.875		0.954386
448		0.954386
448.125		0.956283
448.25		0.956283
448.375		0.956283
448.5		0.956283
448.625		0.956283
448.75		0.956283
448.875		0.956283
449		0.956283
449.125		0.956901
449.25		0.956901
449.375		0.956901
449.5		0.956901
449.625		0.956901
449.75		0.956901
449.875		0.956901
450		0.956901
450.125		0.962493
450.25		0.962493
450.375		0.962493
450.5		0.962493
450.625		0.962493
450.75		0.962493
450.875		0.962493
451		0.962493
451.125		0.963283
451.25		0.963283
451.375		0.963283
451.5		0.963283
451.625		0.963283
451.75		0.963283
451.875		0.963283
452		0.963283
452.125		0.963667
452.25		0.963667
452.375		0.963667
452.5		0.963667
452.625		0.963667
452.75		0.963667
452.875		0.963667
453		0.963667
453.125		0.966488
453.25		0.966488
453.375		0.966488
453.5		0.966488
453.625		0.966488
453.75		0.966488
453.875		0.966488
454		0.966488
454.125		0.969186
454.25		0.969186
454.375		0.969186
454.5		0.969186
454.625		0.969186
454.75		0.969186
454.875		0.969186
455		0.969186
455.125		0.970517
455.25		0.970517
455.375		0.970517
455.5		0.970517
455.625		0.970517
455.75		0.970517
455.875		0.970517
456		0.970517
456.125		0.973918
456.25		0.973918
456.375		0.973918
456.5		0.973918
456.625		0.973918
456.75		0.973918
456.875		0.973918
457		0.973918
457.125		0.976389
457.25		0.976389
457.375		0.976389
457.5		0.976389
457.625		0.976389
457.75		0.976389
457.875		0.976389
458		0.976389
458.125		0.97694
458.25		0.97694
458.375		0.97694
458.5		0.97694
458.625		0.97694
458.75		0.97694
458.875		0.97694
459		0.97694
459.125		0.978455
459.25		0.978455
459.375		0.978455
459.5		0.978455
459.625		0.978455
459.75		0.978455
459.875		0.978455
460		0.978455
460.125		0.981197
460.25		0.981197
460.375		0.981197
460.5		0.981197
460.625		0.981197
460.75		0.981197
460.875		0.981197
461		0.981197
461.125		0.982444
461.25		0.982444
461.375		0.982444
461.5		0.982444
461.625		0.982444
461.75		0.982444
461.875		0.982444
462		0.982444
462.125		0.985938
462.25		0.985938
462.375		0.985938
462.5		0.985938
462.625		0.985938
462.75		0.985938
462.875		0.985938
463		0.985938
463.125		0.989677
463.25		0.989677
463.375		0.989677
463.5		0.989677
463.625		0.989677
463.75		0.989677
463.875		0.989677
464		0.989677
464.125		0.990387
464.25		0.990387
464.375		0.990387
464.5		0.990387
464.625		0.990387
464.75		0.990387
464.875		0.990387
465		0.990387
465.125		0.991963
465.25		0.991963
465.375		0.991963
465.5		0.991963
465.625		0.991963
465.75		0.991963
465.875		0.991963
466		0.991963
466.125		0.992968
466.25		0.992968
466.375		0.992968
466.5		0.992968
466.625		0.992968
466.75		0.992968
466.875		0.992968
467		0.992968
467.125		0.9968
467.25		0.9968
467.375		0.9968
467.5		0.9968
467.625		0.9968
467.75		0.9968
467.875		0.9968
468		0.9968
468.125		0.999316
468.25		0.999316
468.375		0.999316
468.5		0.999316
468.625		0.999316
468.75		0.999316
468.875		0.999316
469		0.999316
469.125		0.999916
469.25		0.999916
469.375		0.999916
469.5		0.999916
469.625		0.999916
469.75		0.999916
469.875		0.999916
470		0.999916
470.125		0.999942
470.25		0.999942
470.375		0.999942
470.5		0.999942
470.625		0.999942
470.75		0.999942
470.875		0.999942
471		0.999942
471.125		0.999982
471.25		0.999982
471.375		0.999982
471.5		0.999982
471.625		0.999982
471.75		0.999982
471.875		0.999982
472		0.999982
472.125		0.999988
472.25		0.999988
472.375		0.999988
472.5		0.999988
472.625		0.999988
472.75		0.999988
472.875		0.999988
473		0.999988
473.125		1
473.25		1
473.375		1
473.5		1
473.625		1
473.75		1
473.875		1
474		1
474.125		1
474.25		1
474.375		1
474.5		1
474.625		1
474.75		1
474.875		1
475		1
475.125		1
475.25		1
475.375		1
475.5		1
475.625		1
475.75		1
475.875		1
476		1
476.125		1
476.25		1
476.375		1
476.5		1
476.625		1
476.75		1
476.875		1
477		1
477.125		1
477.25		1
477.375		1
477.5		1
477.625		1
477.75		1
477.875		1
478		1
478.125		1
478.25		1
478.375		1
478.5		1
478.625		1
478.75		1
478.875		1
479		1
479.125		1
479.25		1
479.375		1
479.5		1
479.625		1
479.75		1
479.875		1
480		1
480.125		1
480.25		1
480.375		1
480.5		1
480.625		1
480.75		1
480.875		1
481		1
481.125		1
481.25		1
481.375		1
481.5		1
481.625		1
481.75		1
481.875		1
482		1
482.125		1
482.25		1
482.375		1
482.5		1
482.625		1
482.75		1
482.875		1
483		1
483.125		1
483.25		1
483.375		1
483.5		1
483.625		1
483.75		1
483.875		1
484		1
484.125		1
484.25		1
484.375		1
484.5		1
484.625		1
484.75		1
484.875		1
485		1
485.125		1
485.25		1
485.375		1
485.5		1
485.625		1
485.75		1
485.875		1
486		1
486.125		1
486.25		1
486.375		1
486.5		1
486.625		1
486.75		1
486.875		1
487		1
487.125		1
487.25		1
487.375		1
487.5		1
487.625		1
487.75		1
487.875		1
488		1
488.125		1
488.25		1
488.375		1
488.5		1
488.625		1
488.75		1
488.875		1
489		1
489.125		1
489.25		1
489.375		1
489.5		1
489.625		1
489.75		1
489.875		1
490		1
490.125		1
490.25		1
490.375		1
490.5		1
490.625		1
490.75		1
490.875		1
491		1
491.125		1
491.25		1
491.375		1
491.5		1
491.625		1
491.75		1
491.875		1
492		1
492.125		1
492.25		1
492.375		1
492.5		1
492.625		1
492.75		1
492.875		1
493		1
493.125		1
493.25		1
493.375		1
493.5		1
493.625		1
493.75		1
493.875		1
494		1
494.125		1
494.25		1
494.375		1
494.5		1
494.625		1
494.75		1
494.875		1
495		1
495.125		1
495.25		1
495.375		1
495.5		1
495.625		1
495.75		1
495.875		1
496		1
496.125		1
496.25		1
496.375		1
496.5		1
496.625		1
496.75		1
496.875		1
497		1
497.125		1
497.25		1
497.375		1
497.5		1
497.625		1
497.75		1
497.875		1
498		1
498.125		1
498.25		1
498.375		1
498.5		1
498.625		1
498.75		1
498.875		1
499		1
499.125		1
499.25		1
499.375		1
499.5		1
499.625		1
499.75		1
499.875		1
500		1
