# Calibration file of tamex_id 0 @ channel 2
# fine_T bin		 Calibration value
0.125		0
0.25		0
0.375		0
0.5		0
0.625		0
0.75		0
0.875		0
1		0
1.125		0
1.25		0
1.375		0
1.5		0
1.625		0
1.75		0
1.875		0
2		0
2.125		0
2.25		0
2.375		0
2.5		0
2.625		0
2.75		0
2.875		0
3		0
3.125		0
3.25		0
3.375		0
3.5		0
3.625		0
3.75		0
3.875		0
4		0
4.125		0
4.25		0
4.375		0
4.5		0
4.625		0
4.75		0
4.875		0
5		0
5.125		0
5.25		0
5.375		0
5.5		0
5.625		0
5.75		0
5.875		0
6		0
6.125		0
6.25		0
6.375		0
6.5		0
6.625		0
6.75		0
6.875		0
7		0
7.125		0
7.25		0
7.375		0
7.5		0
7.625		0
7.75		0
7.875		0
8		0
8.125		0
8.25		0
8.375		0
8.5		0
8.625		0
8.75		0
8.875		0
9		0
9.125		0
9.25		0
9.375		0
9.5		0
9.625		0
9.75		0
9.875		0
10		0
10.125		0
10.25		0
10.375		0
10.5		0
10.625		0
10.75		0
10.875		0
11		0
11.125		0
11.25		0
11.375		0
11.5		0
11.625		0
11.75		0
11.875		0
12		0
12.125		0
12.25		0
12.375		0
12.5		0
12.625		0
12.75		0
12.875		0
13		0
13.125		0
13.25		0
13.375		0
13.5		0
13.625		0
13.75		0
13.875		0
14		0
14.125		0
14.25		0
14.375		0
14.5		0
14.625		0
14.75		0
14.875		0
15		0
15.125		0
15.25		0
15.375		0
15.5		0
15.625		0
15.75		0
15.875		0
16		0
16.125		0.000177507
16.25		0.000177507
16.375		0.000177507
16.5		0.000177507
16.625		0.000177507
16.75		0.000177507
16.875		0.000177507
17		0.000177507
17.125		0.0048394
17.25		0.0048394
17.375		0.0048394
17.5		0.0048394
17.625		0.0048394
17.75		0.0048394
17.875		0.0048394
18		0.0048394
18.125		0.00901082
18.25		0.00901082
18.375		0.00901082
18.5		0.00901082
18.625		0.00901082
18.75		0.00901082
18.875		0.00901082
19		0.00901082
19.125		0.0113091
19.25		0.0113091
19.375		0.0113091
19.5		0.0113091
19.625		0.0113091
19.75		0.0113091
19.875		0.0113091
20		0.0113091
20.125		0.0146163
20.25		0.0146163
20.375		0.0146163
20.5		0.0146163
20.625		0.0146163
20.75		0.0146163
20.875		0.0146163
21		0.0146163
21.125		0.0164147
21.25		0.0164147
21.375		0.0164147
21.5		0.0164147
21.625		0.0164147
21.75		0.0164147
21.875		0.0164147
22		0.0164147
22.125		0.0170921
22.25		0.0170921
22.375		0.0170921
22.5		0.0170921
22.625		0.0170921
22.75		0.0170921
22.875		0.0170921
23		0.0170921
23.125		0.0174564
23.25		0.0174564
23.375		0.0174564
23.5		0.0174564
23.625		0.0174564
23.75		0.0174564
23.875		0.0174564
24		0.0174564
24.125		0.0199555
24.25		0.0199555
24.375		0.0199555
24.5		0.0199555
24.625		0.0199555
24.75		0.0199555
24.875		0.0199555
25		0.0199555
25.125		0.0257479
25.25		0.0257479
25.375		0.0257479
25.5		0.0257479
25.625		0.0257479
25.75		0.0257479
25.875		0.0257479
26		0.0257479
26.125		0.0273127
26.25		0.0273127
26.375		0.0273127
26.5		0.0273127
26.625		0.0273127
26.75		0.0273127
26.875		0.0273127
27		0.0273127
27.125		0.0280741
27.25		0.0280741
27.375		0.0280741
27.5		0.0280741
27.625		0.0280741
27.75		0.0280741
27.875		0.0280741
28		0.0280741
28.125		0.0281582
28.25		0.0281582
28.375		0.0281582
28.5		0.0281582
28.625		0.0281582
28.75		0.0281582
28.875		0.0281582
29		0.0281582
29.125		0.0285459
29.25		0.0285459
29.375		0.0285459
29.5		0.0285459
29.625		0.0285459
29.75		0.0285459
29.875		0.0285459
30		0.0285459
30.125		0.0347353
30.25		0.0347353
30.375		0.0347353
30.5		0.0347353
30.625		0.0347353
30.75		0.0347353
30.875		0.0347353
31		0.0347353
31.125		0.036431
31.25		0.036431
31.375		0.036431
31.5		0.036431
31.625		0.036431
31.75		0.036431
31.875		0.036431
32		0.036431
32.125		0.0366319
32.25		0.0366319
32.375		0.0366319
32.5		0.0366319
32.625		0.0366319
32.75		0.0366319
32.875		0.0366319
33		0.0366319
33.125		0.0379211
33.25		0.0379211
33.375		0.0379211
33.5		0.0379211
33.625		0.0379211
33.75		0.0379211
33.875		0.0379211
34		0.0379211
34.125		0.043279
34.25		0.043279
34.375		0.043279
34.5		0.043279
34.625		0.043279
34.75		0.043279
34.875		0.043279
35		0.043279
35.125		0.0434145
35.25		0.0434145
35.375		0.0434145
35.5		0.0434145
35.625		0.0434145
35.75		0.0434145
35.875		0.0434145
36		0.0434145
36.125		0.045993
36.25		0.045993
36.375		0.045993
36.5		0.045993
36.625		0.045993
36.75		0.045993
36.875		0.045993
37		0.045993
37.125		0.0470627
37.25		0.0470627
37.375		0.0470627
37.5		0.0470627
37.625		0.0470627
37.75		0.0470627
37.875		0.0470627
38		0.0470627
38.125		0.0515144
38.25		0.0515144
38.375		0.0515144
38.5		0.0515144
38.625		0.0515144
38.75		0.0515144
38.875		0.0515144
39		0.0515144
39.125		0.0516499
39.25		0.0516499
39.375		0.0516499
39.5		0.0516499
39.625		0.0516499
39.75		0.0516499
39.875		0.0516499
40		0.0516499
40.125		0.0541443
40.25		0.0541443
40.375		0.0541443
40.5		0.0541443
40.625		0.0541443
40.75		0.0541443
40.875		0.0541443
41		0.0541443
41.125		0.057232
41.25		0.057232
41.375		0.057232
41.5		0.057232
41.625		0.057232
41.75		0.057232
41.875		0.057232
42		0.057232
42.125		0.0587688
42.25		0.0587688
42.375		0.0587688
42.5		0.0587688
42.625		0.0587688
42.75		0.0587688
42.875		0.0587688
43		0.0587688
43.125		0.0614034
43.25		0.0614034
43.375		0.0614034
43.5		0.0614034
43.625		0.0614034
43.75		0.0614034
43.875		0.0614034
44		0.0614034
44.125		0.0616136
44.25		0.0616136
44.375		0.0616136
44.5		0.0616136
44.625		0.0616136
44.75		0.0616136
44.875		0.0616136
45		0.0616136
45.125		0.0631832
45.25		0.0631832
45.375		0.0631832
45.5		0.0631832
45.625		0.0631832
45.75		0.0631832
45.875		0.0631832
46		0.0631832
46.125		0.0644678
46.25		0.0644678
46.375		0.0644678
46.5		0.0644678
46.625		0.0644678
46.75		0.0644678
46.875		0.0644678
47		0.0644678
47.125		0.0661774
47.25		0.0661774
47.375		0.0661774
47.5		0.0661774
47.625		0.0661774
47.75		0.0661774
47.875		0.0661774
48		0.0661774
48.125		0.0704983
48.25		0.0704983
48.375		0.0704983
48.5		0.0704983
48.625		0.0704983
48.75		0.0704983
48.875		0.0704983
49		0.0704983
49.125		0.0713392
49.25		0.0713392
49.375		0.0713392
49.5		0.0713392
49.625		0.0713392
49.75		0.0713392
49.875		0.0713392
50		0.0713392
50.125		0.0718296
50.25		0.0718296
50.375		0.0718296
50.5		0.0718296
50.625		0.0718296
50.75		0.0718296
50.875		0.0718296
51		0.0718296
51.125		0.074609
51.25		0.074609
51.375		0.074609
51.5		0.074609
51.625		0.074609
51.75		0.074609
51.875		0.074609
52		0.074609
52.125		0.0761599
52.25		0.0761599
52.375		0.0761599
52.5		0.0761599
52.625		0.0761599
52.75		0.0761599
52.875		0.0761599
53		0.0761599
53.125		0.076342
53.25		0.076342
53.375		0.076342
53.5		0.076342
53.625		0.076342
53.75		0.076342
53.875		0.076342
54		0.076342
54.125		0.0800136
54.25		0.0800136
54.375		0.0800136
54.5		0.0800136
54.625		0.0800136
54.75		0.0800136
54.875		0.0800136
55		0.0800136
55.125		0.0812562
55.25		0.0812562
55.375		0.0812562
55.5		0.0812562
55.625		0.0812562
55.75		0.0812562
55.875		0.0812562
56		0.0812562
56.125		0.08241
56.25		0.08241
56.375		0.08241
56.5		0.08241
56.625		0.08241
56.75		0.08241
56.875		0.08241
57		0.08241
57.125		0.0846195
57.25		0.0846195
57.375		0.0846195
57.5		0.0846195
57.625		0.0846195
57.75		0.0846195
57.875		0.0846195
58		0.0846195
58.125		0.0869971
58.25		0.0869971
58.375		0.0869971
58.5		0.0869971
58.625		0.0869971
58.75		0.0869971
58.875		0.0869971
59		0.0869971
59.125		0.0926587
59.25		0.0926587
59.375		0.0926587
59.5		0.0926587
59.625		0.0926587
59.75		0.0926587
59.875		0.0926587
60		0.0926587
60.125		0.0934248
60.25		0.0934248
60.375		0.0934248
60.5		0.0934248
60.625		0.0934248
60.75		0.0934248
60.875		0.0934248
61		0.0934248
61.125		0.0942002
61.25		0.0942002
61.375		0.0942002
61.5		0.0942002
61.625		0.0942002
61.75		0.0942002
61.875		0.0942002
62		0.0942002
62.125		0.0945178
62.25		0.0945178
62.375		0.0945178
62.5		0.0945178
62.625		0.0945178
62.75		0.0945178
62.875		0.0945178
63		0.0945178
63.125		0.0978157
63.25		0.0978157
63.375		0.0978157
63.5		0.0978157
63.625		0.0978157
63.75		0.0978157
63.875		0.0978157
64		0.0978157
64.125		0.103655
64.25		0.103655
64.375		0.103655
64.5		0.103655
64.625		0.103655
64.75		0.103655
64.875		0.103655
65		0.103655
65.125		0.104295
65.25		0.104295
65.375		0.104295
65.5		0.104295
65.625		0.104295
65.75		0.104295
65.875		0.104295
66		0.104295
66.125		0.106836
66.25		0.106836
66.375		0.106836
66.5		0.106836
66.625		0.106836
66.75		0.106836
66.875		0.106836
67		0.106836
67.125		0.107013
67.25		0.107013
67.375		0.107013
67.5		0.107013
67.625		0.107013
67.75		0.107013
67.875		0.107013
68		0.107013
68.125		0.1121
68.25		0.1121
68.375		0.1121
68.5		0.1121
68.625		0.1121
68.75		0.1121
68.875		0.1121
69		0.1121
69.125		0.11267
69.25		0.11267
69.375		0.11267
69.5		0.11267
69.625		0.11267
69.75		0.11267
69.875		0.11267
70		0.11267
70.125		0.114338
70.25		0.114338
70.375		0.114338
70.5		0.114338
70.625		0.114338
70.75		0.114338
70.875		0.114338
71		0.114338
71.125		0.115524
71.25		0.115524
71.375		0.115524
71.5		0.115524
71.625		0.115524
71.75		0.115524
71.875		0.115524
72		0.115524
72.125		0.11751
72.25		0.11751
72.375		0.11751
72.5		0.11751
72.625		0.11751
72.75		0.11751
72.875		0.11751
73		0.11751
73.125		0.118542
73.25		0.118542
73.375		0.118542
73.5		0.118542
73.625		0.118542
73.75		0.118542
73.875		0.118542
74		0.118542
74.125		0.122466
74.25		0.122466
74.375		0.122466
74.5		0.122466
74.625		0.122466
74.75		0.122466
74.875		0.122466
75		0.122466
75.125		0.123984
75.25		0.123984
75.375		0.123984
75.5		0.123984
75.625		0.123984
75.75		0.123984
75.875		0.123984
76		0.123984
76.125		0.125493
76.25		0.125493
76.375		0.125493
76.5		0.125493
76.625		0.125493
76.75		0.125493
76.875		0.125493
77		0.125493
77.125		0.127016
77.25		0.127016
77.375		0.127016
77.5		0.127016
77.625		0.127016
77.75		0.127016
77.875		0.127016
78		0.127016
78.125		0.129048
78.25		0.129048
78.375		0.129048
78.5		0.129048
78.625		0.129048
78.75		0.129048
78.875		0.129048
79		0.129048
79.125		0.130678
79.25		0.130678
79.375		0.130678
79.5		0.130678
79.625		0.130678
79.75		0.130678
79.875		0.130678
80		0.130678
80.125		0.132925
80.25		0.132925
80.375		0.132925
80.5		0.132925
80.625		0.132925
80.75		0.132925
80.875		0.132925
81		0.132925
81.125		0.135858
81.25		0.135858
81.375		0.135858
81.5		0.135858
81.625		0.135858
81.75		0.135858
81.875		0.135858
82		0.135858
82.125		0.137106
82.25		0.137106
82.375		0.137106
82.5		0.137106
82.625		0.137106
82.75		0.137106
82.875		0.137106
83		0.137106
83.125		0.137208
83.25		0.137208
83.375		0.137208
83.5		0.137208
83.625		0.137208
83.75		0.137208
83.875		0.137208
84		0.137208
84.125		0.13939
84.25		0.13939
84.375		0.13939
84.5		0.13939
84.625		0.13939
84.75		0.13939
84.875		0.13939
85		0.13939
85.125		0.146135
85.25		0.146135
85.375		0.146135
85.5		0.146135
85.625		0.146135
85.75		0.146135
85.875		0.146135
86		0.146135
86.125		0.146541
86.25		0.146541
86.375		0.146541
86.5		0.146541
86.625		0.146541
86.75		0.146541
86.875		0.146541
87		0.146541
87.125		0.148714
87.25		0.148714
87.375		0.148714
87.5		0.148714
87.625		0.148714
87.75		0.148714
87.875		0.148714
88		0.148714
88.125		0.149428
88.25		0.149428
88.375		0.149428
88.5		0.149428
88.625		0.149428
88.75		0.149428
88.875		0.149428
89		0.149428
89.125		0.15004
89.25		0.15004
89.375		0.15004
89.5		0.15004
89.625		0.15004
89.75		0.15004
89.875		0.15004
90		0.15004
90.125		0.154497
90.25		0.154497
90.375		0.154497
90.5		0.154497
90.625		0.154497
90.75		0.154497
90.875		0.154497
91		0.154497
91.125		0.157323
91.25		0.157323
91.375		0.157323
91.5		0.157323
91.625		0.157323
91.75		0.157323
91.875		0.157323
92		0.157323
92.125		0.157827
92.25		0.157827
92.375		0.157827
92.5		0.157827
92.625		0.157827
92.75		0.157827
92.875		0.157827
93		0.157827
93.125		0.159214
93.25		0.159214
93.375		0.159214
93.5		0.159214
93.625		0.159214
93.75		0.159214
93.875		0.159214
94		0.159214
94.125		0.162657
94.25		0.162657
94.375		0.162657
94.5		0.162657
94.625		0.162657
94.75		0.162657
94.875		0.162657
95		0.162657
95.125		0.163853
95.25		0.163853
95.375		0.163853
95.5		0.163853
95.625		0.163853
95.75		0.163853
95.875		0.163853
96		0.163853
96.125		0.16404
96.25		0.16404
96.375		0.16404
96.5		0.16404
96.625		0.16404
96.75		0.16404
96.875		0.16404
97		0.16404
97.125		0.166324
97.25		0.166324
97.375		0.166324
97.5		0.166324
97.625		0.166324
97.75		0.166324
97.875		0.166324
98		0.166324
98.125		0.171047
98.25		0.171047
98.375		0.171047
98.5		0.171047
98.625		0.171047
98.75		0.171047
98.875		0.171047
99		0.171047
99.125		0.173476
99.25		0.173476
99.375		0.173476
99.5		0.173476
99.625		0.173476
99.75		0.173476
99.875		0.173476
100		0.173476
100.125		0.173789
100.25		0.173789
100.375		0.173789
100.5		0.173789
100.625		0.173789
100.75		0.173789
100.875		0.173789
101		0.173789
101.125		0.1764
101.25		0.1764
101.375		0.1764
101.5		0.1764
101.625		0.1764
101.75		0.1764
101.875		0.1764
102		0.1764
102.125		0.178577
102.25		0.178577
102.375		0.178577
102.5		0.178577
102.625		0.178577
102.75		0.178577
102.875		0.178577
103		0.178577
103.125		0.179455
103.25		0.179455
103.375		0.179455
103.5		0.179455
103.625		0.179455
103.75		0.179455
103.875		0.179455
104		0.179455
104.125		0.179782
104.25		0.179782
104.375		0.179782
104.5		0.179782
104.625		0.179782
104.75		0.179782
104.875		0.179782
105		0.179782
105.125		0.183944
105.25		0.183944
105.375		0.183944
105.5		0.183944
105.625		0.183944
105.75		0.183944
105.875		0.183944
106		0.183944
106.125		0.18457
106.25		0.18457
106.375		0.18457
106.5		0.18457
106.625		0.18457
106.75		0.18457
106.875		0.18457
107		0.18457
107.125		0.188882
107.25		0.188882
107.375		0.188882
107.5		0.188882
107.625		0.188882
107.75		0.188882
107.875		0.188882
108		0.188882
108.125		0.189022
108.25		0.189022
108.375		0.189022
108.5		0.189022
108.625		0.189022
108.75		0.189022
108.875		0.189022
109		0.189022
109.125		0.190549
109.25		0.190549
109.375		0.190549
109.5		0.190549
109.625		0.190549
109.75		0.190549
109.875		0.190549
110		0.190549
110.125		0.192899
110.25		0.192899
110.375		0.192899
110.5		0.192899
110.625		0.192899
110.75		0.192899
110.875		0.192899
111		0.192899
111.125		0.194791
111.25		0.194791
111.375		0.194791
111.5		0.194791
111.625		0.194791
111.75		0.194791
111.875		0.194791
112		0.194791
112.125		0.198476
112.25		0.198476
112.375		0.198476
112.5		0.198476
112.625		0.198476
112.75		0.198476
112.875		0.198476
113		0.198476
113.125		0.19906
113.25		0.19906
113.375		0.19906
113.5		0.19906
113.625		0.19906
113.75		0.19906
113.875		0.19906
114		0.19906
114.125		0.201302
114.25		0.201302
114.375		0.201302
114.5		0.201302
114.625		0.201302
114.75		0.201302
114.875		0.201302
115		0.201302
115.125		0.2034
115.25		0.2034
115.375		0.2034
115.5		0.2034
115.625		0.2034
115.75		0.2034
115.875		0.2034
116		0.2034
116.125		0.205609
116.25		0.205609
116.375		0.205609
116.5		0.205609
116.625		0.205609
116.75		0.205609
116.875		0.205609
117		0.205609
117.125		0.208589
117.25		0.208589
117.375		0.208589
117.5		0.208589
117.625		0.208589
117.75		0.208589
117.875		0.208589
118		0.208589
118.125		0.209669
118.25		0.209669
118.375		0.209669
118.5		0.209669
118.625		0.209669
118.75		0.209669
118.875		0.209669
119		0.209669
119.125		0.210248
119.25		0.210248
119.375		0.210248
119.5		0.210248
119.625		0.210248
119.75		0.210248
119.875		0.210248
120		0.210248
120.125		0.214232
120.25		0.214232
120.375		0.214232
120.5		0.214232
120.625		0.214232
120.75		0.214232
120.875		0.214232
121		0.214232
121.125		0.214863
121.25		0.214863
121.375		0.214863
121.5		0.214863
121.625		0.214863
121.75		0.214863
121.875		0.214863
122		0.214863
122.125		0.216689
122.25		0.216689
122.375		0.216689
122.5		0.216689
122.625		0.216689
122.75		0.216689
122.875		0.216689
123		0.216689
123.125		0.21803
123.25		0.21803
123.375		0.21803
123.5		0.21803
123.625		0.21803
123.75		0.21803
123.875		0.21803
124		0.21803
124.125		0.223869
124.25		0.223869
124.375		0.223869
124.5		0.223869
124.625		0.223869
124.75		0.223869
124.875		0.223869
125		0.223869
125.125		0.224383
125.25		0.224383
125.375		0.224383
125.5		0.224383
125.625		0.224383
125.75		0.224383
125.875		0.224383
126		0.224383
126.125		0.225037
126.25		0.225037
126.375		0.225037
126.5		0.225037
126.625		0.225037
126.75		0.225037
126.875		0.225037
127		0.225037
127.125		0.225845
127.25		0.225845
127.375		0.225845
127.5		0.225845
127.625		0.225845
127.75		0.225845
127.875		0.225845
128		0.225845
128.125		0.229348
128.25		0.229348
128.375		0.229348
128.5		0.229348
128.625		0.229348
128.75		0.229348
128.875		0.229348
129		0.229348
129.125		0.231558
129.25		0.231558
129.375		0.231558
129.5		0.231558
129.625		0.231558
129.75		0.231558
129.875		0.231558
130		0.231558
130.125		0.234613
130.25		0.234613
130.375		0.234613
130.5		0.234613
130.625		0.234613
130.75		0.234613
130.875		0.234613
131		0.234613
131.125		0.236173
131.25		0.236173
131.375		0.236173
131.5		0.236173
131.625		0.236173
131.75		0.236173
131.875		0.236173
132		0.236173
132.125		0.238747
132.25		0.238747
132.375		0.238747
132.5		0.238747
132.625		0.238747
132.75		0.238747
132.875		0.238747
133		0.238747
133.125		0.239602
133.25		0.239602
133.375		0.239602
133.5		0.239602
133.625		0.239602
133.75		0.239602
133.875		0.239602
134		0.239602
134.125		0.239943
134.25		0.239943
134.375		0.239943
134.5		0.239943
134.625		0.239943
134.75		0.239943
134.875		0.239943
135		0.239943
135.125		0.243269
135.25		0.243269
135.375		0.243269
135.5		0.243269
135.625		0.243269
135.75		0.243269
135.875		0.243269
136		0.243269
136.125		0.244651
136.25		0.244651
136.375		0.244651
136.5		0.244651
136.625		0.244651
136.75		0.244651
136.875		0.244651
137		0.244651
137.125		0.248038
137.25		0.248038
137.375		0.248038
137.5		0.248038
137.625		0.248038
137.75		0.248038
137.875		0.248038
138		0.248038
138.125		0.24894
138.25		0.24894
138.375		0.24894
138.5		0.24894
138.625		0.24894
138.75		0.24894
138.875		0.24894
139		0.24894
139.125		0.251598
139.25		0.251598
139.375		0.251598
139.5		0.251598
139.625		0.251598
139.75		0.251598
139.875		0.251598
140		0.251598
140.125		0.252153
140.25		0.252153
140.375		0.252153
140.5		0.252153
140.625		0.252153
140.75		0.252153
140.875		0.252153
141		0.252153
141.125		0.25583
141.25		0.25583
141.375		0.25583
141.5		0.25583
141.625		0.25583
141.75		0.25583
141.875		0.25583
142		0.25583
142.125		0.256306
142.25		0.256306
142.375		0.256306
142.5		0.256306
142.625		0.256306
142.75		0.256306
142.875		0.256306
143		0.256306
143.125		0.259198
143.25		0.259198
143.375		0.259198
143.5		0.259198
143.625		0.259198
143.75		0.259198
143.875		0.259198
144		0.259198
144.125		0.259884
144.25		0.259884
144.375		0.259884
144.5		0.259884
144.625		0.259884
144.75		0.259884
144.875		0.259884
145		0.259884
145.125		0.261879
145.25		0.261879
145.375		0.261879
145.5		0.261879
145.625		0.261879
145.75		0.261879
145.875		0.261879
146		0.261879
146.125		0.26605
146.25		0.26605
146.375		0.26605
146.5		0.26605
146.625		0.26605
146.75		0.26605
146.875		0.26605
147		0.26605
147.125		0.266513
147.25		0.266513
147.375		0.266513
147.5		0.266513
147.625		0.266513
147.75		0.266513
147.875		0.266513
148		0.266513
148.125		0.266882
148.25		0.266882
148.375		0.266882
148.5		0.266882
148.625		0.266882
148.75		0.266882
148.875		0.266882
149		0.266882
149.125		0.269493
149.25		0.269493
149.375		0.269493
149.5		0.269493
149.625		0.269493
149.75		0.269493
149.875		0.269493
150		0.269493
150.125		0.273263
150.25		0.273263
150.375		0.273263
150.5		0.273263
150.625		0.273263
150.75		0.273263
150.875		0.273263
151		0.273263
151.125		0.275355
151.25		0.275355
151.375		0.275355
151.5		0.275355
151.625		0.275355
151.75		0.275355
151.875		0.275355
152		0.275355
152.125		0.27699
152.25		0.27699
152.375		0.27699
152.5		0.27699
152.625		0.27699
152.75		0.27699
152.875		0.27699
153		0.27699
153.125		0.277789
153.25		0.277789
153.375		0.277789
153.5		0.277789
153.625		0.277789
153.75		0.277789
153.875		0.277789
154		0.277789
154.125		0.281694
154.25		0.281694
154.375		0.281694
154.5		0.281694
154.625		0.281694
154.75		0.281694
154.875		0.281694
155		0.281694
155.125		0.285263
155.25		0.285263
155.375		0.285263
155.5		0.285263
155.625		0.285263
155.75		0.285263
155.875		0.285263
156		0.285263
156.125		0.285754
156.25		0.285754
156.375		0.285754
156.5		0.285754
156.625		0.285754
156.75		0.285754
156.875		0.285754
157		0.285754
157.125		0.286132
157.25		0.286132
157.375		0.286132
157.5		0.286132
157.625		0.286132
157.75		0.286132
157.875		0.286132
158		0.286132
158.125		0.289967
158.25		0.289967
158.375		0.289967
158.5		0.289967
158.625		0.289967
158.75		0.289967
158.875		0.289967
159		0.289967
159.125		0.292457
159.25		0.292457
159.375		0.292457
159.5		0.292457
159.625		0.292457
159.75		0.292457
159.875		0.292457
160		0.292457
160.125		0.293643
160.25		0.293643
160.375		0.293643
160.5		0.293643
160.625		0.293643
160.75		0.293643
160.875		0.293643
161		0.293643
161.125		0.295769
161.25		0.295769
161.375		0.295769
161.5		0.295769
161.625		0.295769
161.75		0.295769
161.875		0.295769
162		0.295769
162.125		0.295965
162.25		0.295965
162.375		0.295965
162.5		0.295965
162.625		0.295965
162.75		0.295965
162.875		0.295965
163		0.295965
163.125		0.301954
163.25		0.301954
163.375		0.301954
163.5		0.301954
163.625		0.301954
163.75		0.301954
163.875		0.301954
164		0.301954
164.125		0.30221
164.25		0.30221
164.375		0.30221
164.5		0.30221
164.625		0.30221
164.75		0.30221
164.875		0.30221
165		0.30221
165.125		0.304383
165.25		0.304383
165.375		0.304383
165.5		0.304383
165.625		0.304383
165.75		0.304383
165.875		0.304383
166		0.304383
166.125		0.305947
166.25		0.305947
166.375		0.305947
166.5		0.305947
166.625		0.305947
166.75		0.305947
166.875		0.305947
167		0.305947
167.125		0.30747
167.25		0.30747
167.375		0.30747
167.5		0.30747
167.625		0.30747
167.75		0.30747
167.875		0.30747
168		0.30747
168.125		0.311562
168.25		0.311562
168.375		0.311562
168.5		0.311562
168.625		0.311562
168.75		0.311562
168.875		0.311562
169		0.311562
169.125		0.314145
169.25		0.314145
169.375		0.314145
169.5		0.314145
169.625		0.314145
169.75		0.314145
169.875		0.314145
170		0.314145
170.125		0.314323
170.25		0.314323
170.375		0.314323
170.5		0.314323
170.625		0.314323
170.75		0.314323
170.875		0.314323
171		0.314323
171.125		0.316789
171.25		0.316789
171.375		0.316789
171.5		0.316789
171.625		0.316789
171.75		0.316789
171.875		0.316789
172		0.316789
172.125		0.319639
172.25		0.319639
172.375		0.319639
172.5		0.319639
172.625		0.319639
172.75		0.319639
172.875		0.319639
173		0.319639
173.125		0.320466
173.25		0.320466
173.375		0.320466
173.5		0.320466
173.625		0.320466
173.75		0.320466
173.875		0.320466
174		0.320466
174.125		0.321124
174.25		0.321124
174.375		0.321124
174.5		0.321124
174.625		0.321124
174.75		0.321124
174.875		0.321124
175		0.321124
175.125		0.323759
175.25		0.323759
175.375		0.323759
175.5		0.323759
175.625		0.323759
175.75		0.323759
175.875		0.323759
176		0.323759
176.125		0.329089
176.25		0.329089
176.375		0.329089
176.5		0.329089
176.625		0.329089
176.75		0.329089
176.875		0.329089
177		0.329089
177.125		0.32949
177.25		0.32949
177.375		0.32949
177.5		0.32949
177.625		0.32949
177.75		0.32949
177.875		0.32949
178		0.32949
178.125		0.331709
178.25		0.331709
178.375		0.331709
178.5		0.331709
178.625		0.331709
178.75		0.331709
178.875		0.331709
179		0.331709
179.125		0.332695
179.25		0.332695
179.375		0.332695
179.5		0.332695
179.625		0.332695
179.75		0.332695
179.875		0.332695
180		0.332695
180.125		0.336689
180.25		0.336689
180.375		0.336689
180.5		0.336689
180.625		0.336689
180.75		0.336689
180.875		0.336689
181		0.336689
181.125		0.336969
181.25		0.336969
181.375		0.336969
181.5		0.336969
181.625		0.336969
181.75		0.336969
181.875		0.336969
182		0.336969
182.125		0.338632
182.25		0.338632
182.375		0.338632
182.5		0.338632
182.625		0.338632
182.75		0.338632
182.875		0.338632
183		0.338632
183.125		0.340183
183.25		0.340183
183.375		0.340183
183.5		0.340183
183.625		0.340183
183.75		0.340183
183.875		0.340183
184		0.340183
184.125		0.343999
184.25		0.343999
184.375		0.343999
184.5		0.343999
184.625		0.343999
184.75		0.343999
184.875		0.343999
185		0.343999
185.125		0.34491
185.25		0.34491
185.375		0.34491
185.5		0.34491
185.625		0.34491
185.75		0.34491
185.875		0.34491
186		0.34491
186.125		0.345396
186.25		0.345396
186.375		0.345396
186.5		0.345396
186.625		0.345396
186.75		0.345396
186.875		0.345396
187		0.345396
187.125		0.347998
187.25		0.347998
187.375		0.347998
187.5		0.347998
187.625		0.347998
187.75		0.347998
187.875		0.347998
188		0.347998
188.125		0.352907
188.25		0.352907
188.375		0.352907
188.5		0.352907
188.625		0.352907
188.75		0.352907
188.875		0.352907
189		0.352907
189.125		0.354715
189.25		0.354715
189.375		0.354715
189.5		0.354715
189.625		0.354715
189.75		0.354715
189.875		0.354715
190		0.354715
190.125		0.355019
190.25		0.355019
190.375		0.355019
190.5		0.355019
190.625		0.355019
190.75		0.355019
190.875		0.355019
191		0.355019
191.125		0.355897
191.25		0.355897
191.375		0.355897
191.5		0.355897
191.625		0.355897
191.75		0.355897
191.875		0.355897
192		0.355897
192.125		0.360708
192.25		0.360708
192.375		0.360708
192.5		0.360708
192.625		0.360708
192.75		0.360708
192.875		0.360708
193		0.360708
193.125		0.362726
193.25		0.362726
193.375		0.362726
193.5		0.362726
193.625		0.362726
193.75		0.362726
193.875		0.362726
194		0.362726
194.125		0.362979
194.25		0.362979
194.375		0.362979
194.5		0.362979
194.625		0.362979
194.75		0.362979
194.875		0.362979
195		0.362979
195.125		0.366487
195.25		0.366487
195.375		0.366487
195.5		0.366487
195.625		0.366487
195.75		0.366487
195.875		0.366487
196		0.366487
196.125		0.366879
196.25		0.366879
196.375		0.366879
196.5		0.366879
196.625		0.366879
196.75		0.366879
196.875		0.366879
197		0.366879
197.125		0.369154
197.25		0.369154
197.375		0.369154
197.5		0.369154
197.625		0.369154
197.75		0.369154
197.875		0.369154
198		0.369154
198.125		0.371349
198.25		0.371349
198.375		0.371349
198.5		0.371349
198.625		0.371349
198.75		0.371349
198.875		0.371349
199		0.371349
199.125		0.373615
199.25		0.373615
199.375		0.373615
199.5		0.373615
199.625		0.373615
199.75		0.373615
199.875		0.373615
200		0.373615
200.125		0.375128
200.25		0.375128
200.375		0.375128
200.5		0.375128
200.625		0.375128
200.75		0.375128
200.875		0.375128
201		0.375128
201.125		0.376712
201.25		0.376712
201.375		0.376712
201.5		0.376712
201.625		0.376712
201.75		0.376712
201.875		0.376712
202		0.376712
202.125		0.380921
202.25		0.380921
202.375		0.380921
202.5		0.380921
202.625		0.380921
202.75		0.380921
202.875		0.380921
203		0.380921
203.125		0.381944
203.25		0.381944
203.375		0.381944
203.5		0.381944
203.625		0.381944
203.75		0.381944
203.875		0.381944
204		0.381944
204.125		0.383588
204.25		0.383588
204.375		0.383588
204.5		0.383588
204.625		0.383588
204.75		0.383588
204.875		0.383588
205		0.383588
205.125		0.386676
205.25		0.386676
205.375		0.386676
205.5		0.386676
205.625		0.386676
205.75		0.386676
205.875		0.386676
206		0.386676
206.125		0.387666
206.25		0.387666
206.375		0.387666
206.5		0.387666
206.625		0.387666
206.75		0.387666
206.875		0.387666
207		0.387666
207.125		0.390511
207.25		0.390511
207.375		0.390511
207.5		0.390511
207.625		0.390511
207.75		0.390511
207.875		0.390511
208		0.390511
208.125		0.393043
208.25		0.393043
208.375		0.393043
208.5		0.393043
208.625		0.393043
208.75		0.393043
208.875		0.393043
209		0.393043
209.125		0.394126
209.25		0.394126
209.375		0.394126
209.5		0.394126
209.625		0.394126
209.75		0.394126
209.875		0.394126
210		0.394126
210.125		0.396546
210.25		0.396546
210.375		0.396546
210.5		0.396546
210.625		0.396546
210.75		0.396546
210.875		0.396546
211		0.396546
211.125		0.39826
211.25		0.39826
211.375		0.39826
211.5		0.39826
211.625		0.39826
211.75		0.39826
211.875		0.39826
212		0.39826
212.125		0.398816
212.25		0.398816
212.375		0.398816
212.5		0.398816
212.625		0.398816
212.75		0.398816
212.875		0.398816
213		0.398816
213.125		0.400124
213.25		0.400124
213.375		0.400124
213.5		0.400124
213.625		0.400124
213.75		0.400124
213.875		0.400124
214		0.400124
214.125		0.403763
214.25		0.403763
214.375		0.403763
214.5		0.403763
214.625		0.403763
214.75		0.403763
214.875		0.403763
215		0.403763
215.125		0.407276
215.25		0.407276
215.375		0.407276
215.5		0.407276
215.625		0.407276
215.75		0.407276
215.875		0.407276
216		0.407276
216.125		0.408173
216.25		0.408173
216.375		0.408173
216.5		0.408173
216.625		0.408173
216.75		0.408173
216.875		0.408173
217		0.408173
217.125		0.410046
217.25		0.410046
217.375		0.410046
217.5		0.410046
217.625		0.410046
217.75		0.410046
217.875		0.410046
218		0.410046
218.125		0.4129
218.25		0.4129
218.375		0.4129
218.5		0.4129
218.625		0.4129
218.75		0.4129
218.875		0.4129
219		0.4129
219.125		0.414699
219.25		0.414699
219.375		0.414699
219.5		0.414699
219.625		0.414699
219.75		0.414699
219.875		0.414699
220		0.414699
220.125		0.416511
220.25		0.416511
220.375		0.416511
220.5		0.416511
220.625		0.416511
220.75		0.416511
220.875		0.416511
221		0.416511
221.125		0.417641
221.25		0.417641
221.375		0.417641
221.5		0.417641
221.625		0.417641
221.75		0.417641
221.875		0.417641
222		0.417641
222.125		0.418903
222.25		0.418903
222.375		0.418903
222.5		0.418903
222.625		0.418903
222.75		0.418903
222.875		0.418903
223		0.418903
223.125		0.422327
223.25		0.422327
223.375		0.422327
223.5		0.422327
223.625		0.422327
223.75		0.422327
223.875		0.422327
224		0.422327
224.125		0.422612
224.25		0.422612
224.375		0.422612
224.5		0.422612
224.625		0.422612
224.75		0.422612
224.875		0.422612
225		0.422612
225.125		0.425447
225.25		0.425447
225.375		0.425447
225.5		0.425447
225.625		0.425447
225.75		0.425447
225.875		0.425447
226		0.425447
226.125		0.43073
226.25		0.43073
226.375		0.43073
226.5		0.43073
226.625		0.43073
226.75		0.43073
226.875		0.43073
227		0.43073
227.125		0.430936
227.25		0.430936
227.375		0.430936
227.5		0.430936
227.625		0.430936
227.75		0.430936
227.875		0.430936
228		0.430936
228.125		0.431337
228.25		0.431337
228.375		0.431337
228.5		0.431337
228.625		0.431337
228.75		0.431337
228.875		0.431337
229		0.431337
229.125		0.435037
229.25		0.435037
229.375		0.435037
229.5		0.435037
229.625		0.435037
229.75		0.435037
229.875		0.435037
230		0.435037
230.125		0.436107
230.25		0.436107
230.375		0.436107
230.5		0.436107
230.625		0.436107
230.75		0.436107
230.875		0.436107
231		0.436107
231.125		0.4382
231.25		0.4382
231.375		0.4382
231.5		0.4382
231.625		0.4382
231.75		0.4382
231.875		0.4382
232		0.4382
232.125		0.440138
232.25		0.440138
232.375		0.440138
232.5		0.440138
232.625		0.440138
232.75		0.440138
232.875		0.440138
233		0.440138
233.125		0.442791
233.25		0.442791
233.375		0.442791
233.5		0.442791
233.625		0.442791
233.75		0.442791
233.875		0.442791
234		0.442791
234.125		0.444473
234.25		0.444473
234.375		0.444473
234.5		0.444473
234.625		0.444473
234.75		0.444473
234.875		0.444473
235		0.444473
235.125		0.446925
235.25		0.446925
235.375		0.446925
235.5		0.446925
235.625		0.446925
235.75		0.446925
235.875		0.446925
236		0.446925
236.125		0.450261
236.25		0.450261
236.375		0.450261
236.5		0.450261
236.625		0.450261
236.75		0.450261
236.875		0.450261
237		0.450261
237.125		0.450457
237.25		0.450457
237.375		0.450457
237.5		0.450457
237.625		0.450457
237.75		0.450457
237.875		0.450457
238		0.450457
238.125		0.450667
238.25		0.450667
238.375		0.450667
238.5		0.450667
238.625		0.450667
238.75		0.450667
238.875		0.450667
239		0.450667
239.125		0.453792
239.25		0.453792
239.375		0.453792
239.5		0.453792
239.625		0.453792
239.75		0.453792
239.875		0.453792
240		0.453792
240.125		0.456343
240.25		0.456343
240.375		0.456343
240.5		0.456343
240.625		0.456343
240.75		0.456343
240.875		0.456343
241		0.456343
241.125		0.458417
241.25		0.458417
241.375		0.458417
241.5		0.458417
241.625		0.458417
241.75		0.458417
241.875		0.458417
242		0.458417
242.125		0.460056
242.25		0.460056
242.375		0.460056
242.5		0.460056
242.625		0.460056
242.75		0.460056
242.875		0.460056
243		0.460056
243.125		0.460337
243.25		0.460337
243.375		0.460337
243.5		0.460337
243.625		0.460337
243.75		0.460337
243.875		0.460337
244		0.460337
244.125		0.463765
244.25		0.463765
244.375		0.463765
244.5		0.463765
244.625		0.463765
244.75		0.463765
244.875		0.463765
245		0.463765
245.125		0.465302
245.25		0.465302
245.375		0.465302
245.5		0.465302
245.625		0.465302
245.75		0.465302
245.875		0.465302
246		0.465302
246.125		0.467157
246.25		0.467157
246.375		0.467157
246.5		0.467157
246.625		0.467157
246.75		0.467157
246.875		0.467157
247		0.467157
247.125		0.469357
247.25		0.469357
247.375		0.469357
247.5		0.469357
247.625		0.469357
247.75		0.469357
247.875		0.469357
248		0.469357
248.125		0.473654
248.25		0.473654
248.375		0.473654
248.5		0.473654
248.625		0.473654
248.75		0.473654
248.875		0.473654
249		0.473654
249.125		0.473953
249.25		0.473953
249.375		0.473953
249.5		0.473953
249.625		0.473953
249.75		0.473953
249.875		0.473953
250		0.473953
250.125		0.474943
250.25		0.474943
250.375		0.474943
250.5		0.474943
250.625		0.474943
250.75		0.474943
250.875		0.474943
251		0.474943
251.125		0.477326
251.25		0.477326
251.375		0.477326
251.5		0.477326
251.625		0.477326
251.75		0.477326
251.875		0.477326
252		0.477326
252.125		0.48118
252.25		0.48118
252.375		0.48118
252.5		0.48118
252.625		0.48118
252.75		0.48118
252.875		0.48118
253		0.48118
253.125		0.483931
253.25		0.483931
253.375		0.483931
253.5		0.483931
253.625		0.483931
253.75		0.483931
253.875		0.483931
254		0.483931
254.125		0.484963
254.25		0.484963
254.375		0.484963
254.5		0.484963
254.625		0.484963
254.75		0.484963
254.875		0.484963
255		0.484963
255.125		0.488551
255.25		0.488551
255.375		0.488551
255.5		0.488551
255.625		0.488551
255.75		0.488551
255.875		0.488551
256		0.488551
256.125		0.489859
256.25		0.489859
256.375		0.489859
256.5		0.489859
256.625		0.489859
256.75		0.489859
256.875		0.489859
257		0.489859
257.125		0.492278
257.25		0.492278
257.375		0.492278
257.5		0.492278
257.625		0.492278
257.75		0.492278
257.875		0.492278
258		0.492278
258.125		0.492816
258.25		0.492816
258.375		0.492816
258.5		0.492816
258.625		0.492816
258.75		0.492816
258.875		0.492816
259		0.492816
259.125		0.495768
259.25		0.495768
259.375		0.495768
259.5		0.495768
259.625		0.495768
259.75		0.495768
259.875		0.495768
260		0.495768
260.125		0.498571
260.25		0.498571
260.375		0.498571
260.5		0.498571
260.625		0.498571
260.75		0.498571
260.875		0.498571
261		0.498571
261.125		0.500673
261.25		0.500673
261.375		0.500673
261.5		0.500673
261.625		0.500673
261.75		0.500673
261.875		0.500673
262		0.500673
262.125		0.501457
262.25		0.501457
262.375		0.501457
262.5		0.501457
262.625		0.501457
262.75		0.501457
262.875		0.501457
263		0.501457
263.125		0.502149
263.25		0.502149
263.375		0.502149
263.5		0.502149
263.625		0.502149
263.75		0.502149
263.875		0.502149
264		0.502149
264.125		0.503943
264.25		0.503943
264.375		0.503943
264.5		0.503943
264.625		0.503943
264.75		0.503943
264.875		0.503943
265		0.503943
265.125		0.508067
265.25		0.508067
265.375		0.508067
265.5		0.508067
265.625		0.508067
265.75		0.508067
265.875		0.508067
266		0.508067
266.125		0.509992
266.25		0.509992
266.375		0.509992
266.5		0.509992
266.625		0.509992
266.75		0.509992
266.875		0.509992
267		0.509992
267.125		0.51123
267.25		0.51123
267.375		0.51123
267.5		0.51123
267.625		0.51123
267.75		0.51123
267.875		0.51123
268		0.51123
268.125		0.512075
268.25		0.512075
268.375		0.512075
268.5		0.512075
268.625		0.512075
268.75		0.512075
268.875		0.512075
269		0.512075
269.125		0.51335
269.25		0.51335
269.375		0.51335
269.5		0.51335
269.625		0.51335
269.75		0.51335
269.875		0.51335
270		0.51335
270.125		0.517839
270.25		0.517839
270.375		0.517839
270.5		0.517839
270.625		0.517839
270.75		0.517839
270.875		0.517839
271		0.517839
271.125		0.519157
271.25		0.519157
271.375		0.519157
271.5		0.519157
271.625		0.519157
271.75		0.519157
271.875		0.519157
272		0.519157
272.125		0.522417
272.25		0.522417
272.375		0.522417
272.5		0.522417
272.625		0.522417
272.75		0.522417
272.875		0.522417
273		0.522417
273.125		0.523006
273.25		0.523006
273.375		0.523006
273.5		0.523006
273.625		0.523006
273.75		0.523006
273.875		0.523006
274		0.523006
274.125		0.525496
274.25		0.525496
274.375		0.525496
274.5		0.525496
274.625		0.525496
274.75		0.525496
274.875		0.525496
275		0.525496
275.125		0.528775
275.25		0.528775
275.375		0.528775
275.5		0.528775
275.625		0.528775
275.75		0.528775
275.875		0.528775
276		0.528775
276.125		0.52899
276.25		0.52899
276.375		0.52899
276.5		0.52899
276.625		0.52899
276.75		0.52899
276.875		0.52899
277		0.52899
277.125		0.529186
277.25		0.529186
277.375		0.529186
277.5		0.529186
277.625		0.529186
277.75		0.529186
277.875		0.529186
278		0.529186
278.125		0.536235
278.25		0.536235
278.375		0.536235
278.5		0.536235
278.625		0.536235
278.75		0.536235
278.875		0.536235
279		0.536235
279.125		0.537538
279.25		0.537538
279.375		0.537538
279.5		0.537538
279.625		0.537538
279.75		0.537538
279.875		0.537538
280		0.537538
280.125		0.53908
280.25		0.53908
280.375		0.53908
280.5		0.53908
280.625		0.53908
280.75		0.53908
280.875		0.53908
281		0.53908
281.125		0.539995
281.25		0.539995
281.375		0.539995
281.5		0.539995
281.625		0.539995
281.75		0.539995
281.875		0.539995
282		0.539995
282.125		0.545703
282.25		0.545703
282.375		0.545703
282.5		0.545703
282.625		0.545703
282.75		0.545703
282.875		0.545703
283		0.545703
283.125		0.546722
283.25		0.546722
283.375		0.546722
283.5		0.546722
283.625		0.546722
283.75		0.546722
283.875		0.546722
284		0.546722
284.125		0.550963
284.25		0.550963
284.375		0.550963
284.5		0.550963
284.625		0.550963
284.75		0.550963
284.875		0.550963
285		0.550963
285.125		0.551286
285.25		0.551286
285.375		0.551286
285.5		0.551286
285.625		0.551286
285.75		0.551286
285.875		0.551286
286		0.551286
286.125		0.552967
286.25		0.552967
286.375		0.552967
286.5		0.552967
286.625		0.552967
286.75		0.552967
286.875		0.552967
287		0.552967
287.125		0.556438
287.25		0.556438
287.375		0.556438
287.5		0.556438
287.625		0.556438
287.75		0.556438
287.875		0.556438
288		0.556438
288.125		0.557433
288.25		0.557433
288.375		0.557433
288.5		0.557433
288.625		0.557433
288.75		0.557433
288.875		0.557433
289		0.557433
289.125		0.563491
289.25		0.563491
289.375		0.563491
289.5		0.563491
289.625		0.563491
289.75		0.563491
289.875		0.563491
290		0.563491
290.125		0.563496
290.25		0.563496
290.375		0.563496
290.5		0.563496
290.625		0.563496
290.75		0.563496
290.875		0.563496
291		0.563496
291.125		0.564323
291.25		0.564323
291.375		0.564323
291.5		0.564323
291.625		0.564323
291.75		0.564323
291.875		0.564323
292		0.564323
292.125		0.565355
292.25		0.565355
292.375		0.565355
292.5		0.565355
292.625		0.565355
292.75		0.565355
292.875		0.565355
293		0.565355
293.125		0.566112
293.25		0.566112
293.375		0.566112
293.5		0.566112
293.625		0.566112
293.75		0.566112
293.875		0.566112
294		0.566112
294.125		0.571764
294.25		0.571764
294.375		0.571764
294.5		0.571764
294.625		0.571764
294.75		0.571764
294.875		0.571764
295		0.571764
295.125		0.573964
295.25		0.573964
295.375		0.573964
295.5		0.573964
295.625		0.573964
295.75		0.573964
295.875		0.573964
296		0.573964
296.125		0.574277
296.25		0.574277
296.375		0.574277
296.5		0.574277
296.625		0.574277
296.75		0.574277
296.875		0.574277
297		0.574277
297.125		0.581322
297.25		0.581322
297.375		0.581322
297.5		0.581322
297.625		0.581322
297.75		0.581322
297.875		0.581322
298		0.581322
298.125		0.582844
298.25		0.582844
298.375		0.582844
298.5		0.582844
298.625		0.582844
298.75		0.582844
298.875		0.582844
299		0.582844
299.125		0.586072
299.25		0.586072
299.375		0.586072
299.5		0.586072
299.625		0.586072
299.75		0.586072
299.875		0.586072
300		0.586072
300.125		0.590445
300.25		0.590445
300.375		0.590445
300.5		0.590445
300.625		0.590445
300.75		0.590445
300.875		0.590445
301		0.590445
301.125		0.590874
301.25		0.590874
301.375		0.590874
301.5		0.590874
301.625		0.590874
301.75		0.590874
301.875		0.590874
302		0.590874
302.125		0.591089
302.25		0.591089
302.375		0.591089
302.5		0.591089
302.625		0.591089
302.75		0.591089
302.875		0.591089
303		0.591089
303.125		0.596246
303.25		0.596246
303.375		0.596246
303.5		0.596246
303.625		0.596246
303.75		0.596246
303.875		0.596246
304		0.596246
304.125		0.599012
304.25		0.599012
304.375		0.599012
304.5		0.599012
304.625		0.599012
304.75		0.599012
304.875		0.599012
305		0.599012
305.125		0.599736
305.25		0.599736
305.375		0.599736
305.5		0.599736
305.625		0.599736
305.75		0.599736
305.875		0.599736
306		0.599736
306.125		0.60258
306.25		0.60258
306.375		0.60258
306.5		0.60258
306.625		0.60258
306.75		0.60258
306.875		0.60258
307		0.60258
307.125		0.603052
307.25		0.603052
307.375		0.603052
307.5		0.603052
307.625		0.603052
307.75		0.603052
307.875		0.603052
308		0.603052
308.125		0.60863
308.25		0.60863
308.375		0.60863
308.5		0.60863
308.625		0.60863
308.75		0.60863
308.875		0.60863
309		0.60863
309.125		0.609013
309.25		0.609013
309.375		0.609013
309.5		0.609013
309.625		0.609013
309.75		0.609013
309.875		0.609013
310		0.609013
310.125		0.61083
310.25		0.61083
310.375		0.61083
310.5		0.61083
310.625		0.61083
310.75		0.61083
310.875		0.61083
311		0.61083
311.125		0.612203
311.25		0.612203
311.375		0.612203
311.5		0.612203
311.625		0.612203
311.75		0.612203
311.875		0.612203
312		0.612203
312.125		0.612203
312.25		0.612203
312.375		0.612203
312.5		0.612203
312.625		0.612203
312.75		0.612203
312.875		0.612203
313		0.612203
313.125		0.618757
313.25		0.618757
313.375		0.618757
313.5		0.618757
313.625		0.618757
313.75		0.618757
313.875		0.618757
314		0.618757
314.125		0.619453
314.25		0.619453
314.375		0.619453
314.5		0.619453
314.625		0.619453
314.75		0.619453
314.875		0.619453
315		0.619453
315.125		0.619766
315.25		0.619766
315.375		0.619766
315.5		0.619766
315.625		0.619766
315.75		0.619766
315.875		0.619766
316		0.619766
316.125		0.622905
316.25		0.622905
316.375		0.622905
316.5		0.622905
316.625		0.622905
316.75		0.622905
316.875		0.622905
317		0.622905
317.125		0.623475
317.25		0.623475
317.375		0.623475
317.5		0.623475
317.625		0.623475
317.75		0.623475
317.875		0.623475
318		0.623475
318.125		0.623909
318.25		0.623909
318.375		0.623909
318.5		0.623909
318.625		0.623909
318.75		0.623909
318.875		0.623909
319		0.623909
319.125		0.630734
319.25		0.630734
319.375		0.630734
319.5		0.630734
319.625		0.630734
319.75		0.630734
319.875		0.630734
320		0.630734
320.125		0.631878
320.25		0.631878
320.375		0.631878
320.5		0.631878
320.625		0.631878
320.75		0.631878
320.875		0.631878
321		0.631878
321.125		0.633789
321.25		0.633789
321.375		0.633789
321.5		0.633789
321.625		0.633789
321.75		0.633789
321.875		0.633789
322		0.633789
322.125		0.634639
322.25		0.634639
322.375		0.634639
322.5		0.634639
322.625		0.634639
322.75		0.634639
322.875		0.634639
323		0.634639
323.125		0.634919
323.25		0.634919
323.375		0.634919
323.5		0.634919
323.625		0.634919
323.75		0.634919
323.875		0.634919
324		0.634919
324.125		0.63719
324.25		0.63719
324.375		0.63719
324.5		0.63719
324.625		0.63719
324.75		0.63719
324.875		0.63719
325		0.63719
325.125		0.64208
325.25		0.64208
325.375		0.64208
325.5		0.64208
325.625		0.64208
325.75		0.64208
325.875		0.64208
326		0.64208
326.125		0.642846
326.25		0.642846
326.375		0.642846
326.5		0.642846
326.625		0.642846
326.75		0.642846
326.875		0.642846
327		0.642846
327.125		0.646822
327.25		0.646822
327.375		0.646822
327.5		0.646822
327.625		0.646822
327.75		0.646822
327.875		0.646822
328		0.646822
328.125		0.64713
328.25		0.64713
328.375		0.64713
328.5		0.64713
328.625		0.64713
328.75		0.64713
328.875		0.64713
329		0.64713
329.125		0.648032
329.25		0.648032
329.375		0.648032
329.5		0.648032
329.625		0.648032
329.75		0.648032
329.875		0.648032
330		0.648032
330.125		0.651021
330.25		0.651021
330.375		0.651021
330.5		0.651021
330.625		0.651021
330.75		0.651021
330.875		0.651021
331		0.651021
331.125		0.652955
331.25		0.652955
331.375		0.652955
331.5		0.652955
331.625		0.652955
331.75		0.652955
331.875		0.652955
332		0.652955
332.125		0.65395
332.25		0.65395
332.375		0.65395
332.5		0.65395
332.625		0.65395
332.75		0.65395
332.875		0.65395
333		0.65395
333.125		0.656407
333.25		0.656407
333.375		0.656407
333.5		0.656407
333.625		0.656407
333.75		0.656407
333.875		0.656407
334		0.656407
334.125		0.660406
334.25		0.660406
334.375		0.660406
334.5		0.660406
334.625		0.660406
334.75		0.660406
334.875		0.660406
335		0.660406
335.125		0.660938
335.25		0.660938
335.375		0.660938
335.5		0.660938
335.625		0.660938
335.75		0.660938
335.875		0.660938
336		0.660938
336.125		0.661541
336.25		0.661541
336.375		0.661541
336.5		0.661541
336.625		0.661541
336.75		0.661541
336.875		0.661541
337		0.661541
337.125		0.663816
337.25		0.663816
337.375		0.663816
337.5		0.663816
337.625		0.663816
337.75		0.663816
337.875		0.663816
338		0.663816
338.125		0.667529
338.25		0.667529
338.375		0.667529
338.5		0.667529
338.625		0.667529
338.75		0.667529
338.875		0.667529
339		0.667529
339.125		0.669113
339.25		0.669113
339.375		0.669113
339.5		0.669113
339.625		0.669113
339.75		0.669113
339.875		0.669113
340		0.669113
340.125		0.672084
340.25		0.672084
340.375		0.672084
340.5		0.672084
340.625		0.672084
340.75		0.672084
340.875		0.672084
341		0.672084
341.125		0.673037
341.25		0.673037
341.375		0.673037
341.5		0.673037
341.625		0.673037
341.75		0.673037
341.875		0.673037
342		0.673037
342.125		0.678778
342.25		0.678778
342.375		0.678778
342.5		0.678778
342.625		0.678778
342.75		0.678778
342.875		0.678778
343		0.678778
343.125		0.679301
343.25		0.679301
343.375		0.679301
343.5		0.679301
343.625		0.679301
343.75		0.679301
343.875		0.679301
344		0.679301
344.125		0.681982
344.25		0.681982
344.375		0.681982
344.5		0.681982
344.625		0.681982
344.75		0.681982
344.875		0.681982
345		0.681982
345.125		0.684486
345.25		0.684486
345.375		0.684486
345.5		0.684486
345.625		0.684486
345.75		0.684486
345.875		0.684486
346		0.684486
346.125		0.686144
346.25		0.686144
346.375		0.686144
346.5		0.686144
346.625		0.686144
346.75		0.686144
346.875		0.686144
347		0.686144
347.125		0.688335
347.25		0.688335
347.375		0.688335
347.5		0.688335
347.625		0.688335
347.75		0.688335
347.875		0.688335
348		0.688335
348.125		0.690007
348.25		0.690007
348.375		0.690007
348.5		0.690007
348.625		0.690007
348.75		0.690007
348.875		0.690007
349		0.690007
349.125		0.693282
349.25		0.693282
349.375		0.693282
349.5		0.693282
349.625		0.693282
349.75		0.693282
349.875		0.693282
350		0.693282
350.125		0.693282
350.25		0.693282
350.375		0.693282
350.5		0.693282
350.625		0.693282
350.75		0.693282
350.875		0.693282
351		0.693282
351.125		0.695244
351.25		0.695244
351.375		0.695244
351.5		0.695244
351.625		0.695244
351.75		0.695244
351.875		0.695244
352		0.695244
352.125		0.697565
352.25		0.697565
352.375		0.697565
352.5		0.697565
352.625		0.697565
352.75		0.697565
352.875		0.697565
353		0.697565
353.125		0.698131
353.25		0.698131
353.375		0.698131
353.5		0.698131
353.625		0.698131
353.75		0.698131
353.875		0.698131
354		0.698131
354.125		0.704754
354.25		0.704754
354.375		0.704754
354.5		0.704754
354.625		0.704754
354.75		0.704754
354.875		0.704754
355		0.704754
355.125		0.705011
355.25		0.705011
355.375		0.705011
355.5		0.705011
355.625		0.705011
355.75		0.705011
355.875		0.705011
356		0.705011
356.125		0.705292
356.25		0.705292
356.375		0.705292
356.5		0.705292
356.625		0.705292
356.75		0.705292
356.875		0.705292
357		0.705292
357.125		0.712513
357.25		0.712513
357.375		0.712513
357.5		0.712513
357.625		0.712513
357.75		0.712513
357.875		0.712513
358		0.712513
358.125		0.71554
358.25		0.71554
358.375		0.71554
358.5		0.71554
358.625		0.71554
358.75		0.71554
358.875		0.71554
359		0.71554
359.125		0.715816
359.25		0.715816
359.375		0.715816
359.5		0.715816
359.625		0.715816
359.75		0.715816
359.875		0.715816
360		0.715816
360.125		0.719609
360.25		0.719609
360.375		0.719609
360.5		0.719609
360.625		0.719609
360.75		0.719609
360.875		0.719609
361		0.719609
361.125		0.721449
361.25		0.721449
361.375		0.721449
361.5		0.721449
361.625		0.721449
361.75		0.721449
361.875		0.721449
362		0.721449
362.125		0.723262
362.25		0.723262
362.375		0.723262
362.5		0.723262
362.625		0.723262
362.75		0.723262
362.875		0.723262
363		0.723262
363.125		0.724392
363.25		0.724392
363.375		0.724392
363.5		0.724392
363.625		0.724392
363.75		0.724392
363.875		0.724392
364		0.724392
364.125		0.727933
364.25		0.727933
364.375		0.727933
364.5		0.727933
364.625		0.727933
364.75		0.727933
364.875		0.727933
365		0.727933
365.125		0.730133
365.25		0.730133
365.375		0.730133
365.5		0.730133
365.625		0.730133
365.75		0.730133
365.875		0.730133
366		0.730133
366.125		0.731731
366.25		0.731731
366.375		0.731731
366.5		0.731731
366.625		0.731731
366.75		0.731731
366.875		0.731731
367		0.731731
367.125		0.734534
367.25		0.734534
367.375		0.734534
367.5		0.734534
367.625		0.734534
367.75		0.734534
367.875		0.734534
368		0.734534
368.125		0.735505
368.25		0.735505
368.375		0.735505
368.5		0.735505
368.625		0.735505
368.75		0.735505
368.875		0.735505
369		0.735505
369.125		0.735641
369.25		0.735641
369.375		0.735641
369.5		0.735641
369.625		0.735641
369.75		0.735641
369.875		0.735641
370		0.735641
370.125		0.741125
370.25		0.741125
370.375		0.741125
370.5		0.741125
370.625		0.741125
370.75		0.741125
370.875		0.741125
371		0.741125
371.125		0.743432
371.25		0.743432
371.375		0.743432
371.5		0.743432
371.625		0.743432
371.75		0.743432
371.875		0.743432
372		0.743432
372.125		0.743568
372.25		0.743568
372.375		0.743568
372.5		0.743568
372.625		0.743568
372.75		0.743568
372.875		0.743568
373		0.743568
373.125		0.745702
373.25		0.745702
373.375		0.745702
373.5		0.745702
373.625		0.745702
373.75		0.745702
373.875		0.745702
374		0.745702
374.125		0.749257
374.25		0.749257
374.375		0.749257
374.5		0.749257
374.625		0.749257
374.75		0.749257
374.875		0.749257
375		0.749257
375.125		0.750556
375.25		0.750556
375.375		0.750556
375.5		0.750556
375.625		0.750556
375.75		0.750556
375.875		0.750556
376		0.750556
376.125		0.753069
376.25		0.753069
376.375		0.753069
376.5		0.753069
376.625		0.753069
376.75		0.753069
376.875		0.753069
377		0.753069
377.125		0.755573
377.25		0.755573
377.375		0.755573
377.5		0.755573
377.625		0.755573
377.75		0.755573
377.875		0.755573
378		0.755573
378.125		0.758007
378.25		0.758007
378.375		0.758007
378.5		0.758007
378.625		0.758007
378.75		0.758007
378.875		0.758007
379		0.758007
379.125		0.759109
379.25		0.759109
379.375		0.759109
379.5		0.759109
379.625		0.759109
379.75		0.759109
379.875		0.759109
380		0.759109
380.125		0.759557
380.25		0.759557
380.375		0.759557
380.5		0.759557
380.625		0.759557
380.75		0.759557
380.875		0.759557
381		0.759557
381.125		0.760566
381.25		0.760566
381.375		0.760566
381.5		0.760566
381.625		0.760566
381.75		0.760566
381.875		0.760566
382		0.760566
382.125		0.762211
382.25		0.762211
382.375		0.762211
382.5		0.762211
382.625		0.762211
382.75		0.762211
382.875		0.762211
383		0.762211
383.125		0.766812
383.25		0.766812
383.375		0.766812
383.5		0.766812
383.625		0.766812
383.75		0.766812
383.875		0.766812
384		0.766812
384.125		0.770259
384.25		0.770259
384.375		0.770259
384.5		0.770259
384.625		0.770259
384.75		0.770259
384.875		0.770259
385		0.770259
385.125		0.770371
385.25		0.770371
385.375		0.770371
385.5		0.770371
385.625		0.770371
385.75		0.770371
385.875		0.770371
386		0.770371
386.125		0.771137
386.25		0.771137
386.375		0.771137
386.5		0.771137
386.625		0.771137
386.75		0.771137
386.875		0.771137
387		0.771137
387.125		0.773538
387.25		0.773538
387.375		0.773538
387.5		0.773538
387.625		0.773538
387.75		0.773538
387.875		0.773538
388		0.773538
388.125		0.777444
388.25		0.777444
388.375		0.777444
388.5		0.777444
388.625		0.777444
388.75		0.777444
388.875		0.777444
389		0.777444
389.125		0.777981
389.25		0.777981
389.375		0.777981
389.5		0.777981
389.625		0.777981
389.75		0.777981
389.875		0.777981
390		0.777981
390.125		0.780438
390.25		0.780438
390.375		0.780438
390.5		0.780438
390.625		0.780438
390.75		0.780438
390.875		0.780438
391		0.780438
391.125		0.781816
391.25		0.781816
391.375		0.781816
391.5		0.781816
391.625		0.781816
391.75		0.781816
391.875		0.781816
392		0.781816
392.125		0.785772
392.25		0.785772
392.375		0.785772
392.5		0.785772
392.625		0.785772
392.75		0.785772
392.875		0.785772
393		0.785772
393.125		0.786632
393.25		0.786632
393.375		0.786632
393.5		0.786632
393.625		0.786632
393.75		0.786632
393.875		0.786632
394		0.786632
394.125		0.78779
394.25		0.78779
394.375		0.78779
394.5		0.78779
394.625		0.78779
394.75		0.78779
394.875		0.78779
395		0.78779
395.125		0.788365
395.25		0.788365
395.375		0.788365
395.5		0.788365
395.625		0.788365
395.75		0.788365
395.875		0.788365
396		0.788365
396.125		0.791663
396.25		0.791663
396.375		0.791663
396.5		0.791663
396.625		0.791663
396.75		0.791663
396.875		0.791663
397		0.791663
397.125		0.795091
397.25		0.795091
397.375		0.795091
397.5		0.795091
397.625		0.795091
397.75		0.795091
397.875		0.795091
398		0.795091
398.125		0.79681
398.25		0.79681
398.375		0.79681
398.5		0.79681
398.625		0.79681
398.75		0.79681
398.875		0.79681
399		0.79681
399.125		0.797642
399.25		0.797642
399.375		0.797642
399.5		0.797642
399.625		0.797642
399.75		0.797642
399.875		0.797642
400		0.797642
400.125		0.801071
400.25		0.801071
400.375		0.801071
400.5		0.801071
400.625		0.801071
400.75		0.801071
400.875		0.801071
401		0.801071
401.125		0.802925
401.25		0.802925
401.375		0.802925
401.5		0.802925
401.625		0.802925
401.75		0.802925
401.875		0.802925
402		0.802925
402.125		0.803986
402.25		0.803986
402.375		0.803986
402.5		0.803986
402.625		0.803986
402.75		0.803986
402.875		0.803986
403		0.803986
403.125		0.806522
403.25		0.806522
403.375		0.806522
403.5		0.806522
403.625		0.806522
403.75		0.806522
403.875		0.806522
404		0.806522
404.125		0.807204
404.25		0.807204
404.375		0.807204
404.5		0.807204
404.625		0.807204
404.75		0.807204
404.875		0.807204
405		0.807204
405.125		0.810964
405.25		0.810964
405.375		0.810964
405.5		0.810964
405.625		0.810964
405.75		0.810964
405.875		0.810964
406		0.810964
406.125		0.812328
406.25		0.812328
406.375		0.812328
406.5		0.812328
406.625		0.812328
406.75		0.812328
406.875		0.812328
407		0.812328
407.125		0.813272
407.25		0.813272
407.375		0.813272
407.5		0.813272
407.625		0.813272
407.75		0.813272
407.875		0.813272
408		0.813272
408.125		0.814645
408.25		0.814645
408.375		0.814645
408.5		0.814645
408.625		0.814645
408.75		0.814645
408.875		0.814645
409		0.814645
409.125		0.818107
409.25		0.818107
409.375		0.818107
409.5		0.818107
409.625		0.818107
409.75		0.818107
409.875		0.818107
410		0.818107
410.125		0.818476
410.25		0.818476
410.375		0.818476
410.5		0.818476
410.625		0.818476
410.75		0.818476
410.875		0.818476
411		0.818476
411.125		0.821816
411.25		0.821816
411.375		0.821816
411.5		0.821816
411.625		0.821816
411.75		0.821816
411.875		0.821816
412		0.821816
412.125		0.822988
412.25		0.822988
412.375		0.822988
412.5		0.822988
412.625		0.822988
412.75		0.822988
412.875		0.822988
413		0.822988
413.125		0.823605
413.25		0.823605
413.375		0.823605
413.5		0.823605
413.625		0.823605
413.75		0.823605
413.875		0.823605
414		0.823605
414.125		0.826487
414.25		0.826487
414.375		0.826487
414.5		0.826487
414.625		0.826487
414.75		0.826487
414.875		0.826487
415		0.826487
415.125		0.82929
415.25		0.82929
415.375		0.82929
415.5		0.82929
415.625		0.82929
415.75		0.82929
415.875		0.82929
416		0.82929
416.125		0.830967
416.25		0.830967
416.375		0.830967
416.5		0.830967
416.625		0.830967
416.75		0.830967
416.875		0.830967
417		0.830967
417.125		0.832858
417.25		0.832858
417.375		0.832858
417.5		0.832858
417.625		0.832858
417.75		0.832858
417.875		0.832858
418		0.832858
418.125		0.836245
418.25		0.836245
418.375		0.836245
418.5		0.836245
418.625		0.836245
418.75		0.836245
418.875		0.836245
419		0.836245
419.125		0.836679
419.25		0.836679
419.375		0.836679
419.5		0.836679
419.625		0.836679
419.75		0.836679
419.875		0.836679
420		0.836679
420.125		0.8371
420.25		0.8371
420.375		0.8371
420.5		0.8371
420.625		0.8371
420.75		0.8371
420.875		0.8371
421		0.8371
421.125		0.841047
421.25		0.841047
421.375		0.841047
421.5		0.841047
421.625		0.841047
421.75		0.841047
421.875		0.841047
422		0.841047
422.125		0.843429
422.25		0.843429
422.375		0.843429
422.5		0.843429
422.625		0.843429
422.75		0.843429
422.875		0.843429
423		0.843429
423.125		0.845032
423.25		0.845032
423.375		0.845032
423.5		0.845032
423.625		0.845032
423.75		0.845032
423.875		0.845032
424		0.845032
424.125		0.846569
424.25		0.846569
424.375		0.846569
424.5		0.846569
424.625		0.846569
424.75		0.846569
424.875		0.846569
425		0.846569
425.125		0.847115
425.25		0.847115
425.375		0.847115
425.5		0.847115
425.625		0.847115
425.75		0.847115
425.875		0.847115
426		0.847115
426.125		0.852417
426.25		0.852417
426.375		0.852417
426.5		0.852417
426.625		0.852417
426.75		0.852417
426.875		0.852417
427		0.852417
427.125		0.853332
427.25		0.853332
427.375		0.853332
427.5		0.853332
427.625		0.853332
427.75		0.853332
427.875		0.853332
428		0.853332
428.125		0.853874
428.25		0.853874
428.375		0.853874
428.5		0.853874
428.625		0.853874
428.75		0.853874
428.875		0.853874
429		0.853874
429.125		0.855089
429.25		0.855089
429.375		0.855089
429.5		0.855089
429.625		0.855089
429.75		0.855089
429.875		0.855089
430		0.855089
430.125		0.85955
430.25		0.85955
430.375		0.85955
430.5		0.85955
430.625		0.85955
430.75		0.85955
430.875		0.85955
431		0.85955
431.125		0.861516
431.25		0.861516
431.375		0.861516
431.5		0.861516
431.625		0.861516
431.75		0.861516
431.875		0.861516
432		0.861516
432.125		0.86211
432.25		0.86211
432.375		0.86211
432.5		0.86211
432.625		0.86211
432.75		0.86211
432.875		0.86211
433		0.86211
433.125		0.862404
433.25		0.862404
433.375		0.862404
433.5		0.862404
433.625		0.862404
433.75		0.862404
433.875		0.862404
434		0.862404
434.125		0.868313
434.25		0.868313
434.375		0.868313
434.5		0.868313
434.625		0.868313
434.75		0.868313
434.875		0.868313
435		0.868313
435.125		0.869014
435.25		0.869014
435.375		0.869014
435.5		0.869014
435.625		0.869014
435.75		0.869014
435.875		0.869014
436		0.869014
436.125		0.871546
436.25		0.871546
436.375		0.871546
436.5		0.871546
436.625		0.871546
436.75		0.871546
436.875		0.871546
437		0.871546
437.125		0.872727
437.25		0.872727
437.375		0.872727
437.5		0.872727
437.625		0.872727
437.75		0.872727
437.875		0.872727
438		0.872727
438.125		0.874731
438.25		0.874731
438.375		0.874731
438.5		0.874731
438.625		0.874731
438.75		0.874731
438.875		0.874731
439		0.874731
439.125		0.876133
439.25		0.876133
439.375		0.876133
439.5		0.876133
439.625		0.876133
439.75		0.876133
439.875		0.876133
440		0.876133
440.125		0.877436
440.25		0.877436
440.375		0.877436
440.5		0.877436
440.625		0.877436
440.75		0.877436
440.875		0.877436
441		0.877436
441.125		0.879706
441.25		0.879706
441.375		0.879706
441.5		0.879706
441.625		0.879706
441.75		0.879706
441.875		0.879706
442		0.879706
442.125		0.882243
442.25		0.882243
442.375		0.882243
442.5		0.882243
442.625		0.882243
442.75		0.882243
442.875		0.882243
443		0.882243
443.125		0.884144
443.25		0.884144
443.375		0.884144
443.5		0.884144
443.625		0.884144
443.75		0.884144
443.875		0.884144
444		0.884144
444.125		0.886171
444.25		0.886171
444.375		0.886171
444.5		0.886171
444.625		0.886171
444.75		0.886171
444.875		0.886171
445		0.886171
445.125		0.886592
445.25		0.886592
445.375		0.886592
445.5		0.886592
445.625		0.886592
445.75		0.886592
445.875		0.886592
446		0.886592
446.125		0.890927
446.25		0.890927
446.375		0.890927
446.5		0.890927
446.625		0.890927
446.75		0.890927
446.875		0.890927
447		0.890927
447.125		0.892613
447.25		0.892613
447.375		0.892613
447.5		0.892613
447.625		0.892613
447.75		0.892613
447.875		0.892613
448		0.892613
448.125		0.896738
448.25		0.896738
448.375		0.896738
448.5		0.896738
448.625		0.896738
448.75		0.896738
448.875		0.896738
449		0.896738
449.125		0.897994
449.25		0.897994
449.375		0.897994
449.5		0.897994
449.625		0.897994
449.75		0.897994
449.875		0.897994
450		0.897994
450.125		0.899606
450.25		0.899606
450.375		0.899606
450.5		0.899606
450.625		0.899606
450.75		0.899606
450.875		0.899606
451		0.899606
451.125		0.901456
451.25		0.901456
451.375		0.901456
451.5		0.901456
451.625		0.901456
451.75		0.901456
451.875		0.901456
452		0.901456
452.125		0.904268
452.25		0.904268
452.375		0.904268
452.5		0.904268
452.625		0.904268
452.75		0.904268
452.875		0.904268
453		0.904268
453.125		0.9053
453.25		0.9053
453.375		0.9053
453.5		0.9053
453.625		0.9053
453.75		0.9053
453.875		0.9053
454		0.9053
454.125		0.909014
454.25		0.909014
454.375		0.909014
454.5		0.909014
454.625		0.909014
454.75		0.909014
454.875		0.909014
455		0.909014
455.125		0.910149
455.25		0.910149
455.375		0.910149
455.5		0.910149
455.625		0.910149
455.75		0.910149
455.875		0.910149
456		0.910149
456.125		0.912596
456.25		0.912596
456.375		0.912596
456.5		0.912596
456.625		0.912596
456.75		0.912596
456.875		0.912596
457		0.912596
457.125		0.913166
457.25		0.913166
457.375		0.913166
457.5		0.913166
457.625		0.913166
457.75		0.913166
457.875		0.913166
458		0.913166
458.125		0.914217
458.25		0.914217
458.375		0.914217
458.5		0.914217
458.625		0.914217
458.75		0.914217
458.875		0.914217
459		0.914217
459.125		0.915147
459.25		0.915147
459.375		0.915147
459.5		0.915147
459.625		0.915147
459.75		0.915147
459.875		0.915147
460		0.915147
460.125		0.919982
460.25		0.919982
460.375		0.919982
460.5		0.919982
460.625		0.919982
460.75		0.919982
460.875		0.919982
461		0.919982
461.125		0.921789
461.25		0.921789
461.375		0.921789
461.5		0.921789
461.625		0.921789
461.75		0.921789
461.875		0.921789
462		0.921789
462.125		0.923382
462.25		0.923382
462.375		0.923382
462.5		0.923382
462.625		0.923382
462.75		0.923382
462.875		0.923382
463		0.923382
463.125		0.925349
463.25		0.925349
463.375		0.925349
463.5		0.925349
463.625		0.925349
463.75		0.925349
463.875		0.925349
464		0.925349
464.125		0.928497
464.25		0.928497
464.375		0.928497
464.5		0.928497
464.625		0.928497
464.75		0.928497
464.875		0.928497
465		0.928497
465.125		0.929623
465.25		0.929623
465.375		0.929623
465.5		0.929623
465.625		0.929623
465.75		0.929623
465.875		0.929623
466		0.929623
466.125		0.929894
466.25		0.929894
466.375		0.929894
466.5		0.929894
466.625		0.929894
466.75		0.929894
466.875		0.929894
467		0.929894
467.125		0.933374
467.25		0.933374
467.375		0.933374
467.5		0.933374
467.625		0.933374
467.75		0.933374
467.875		0.933374
468		0.933374
468.125		0.937658
468.25		0.937658
468.375		0.937658
468.5		0.937658
468.625		0.937658
468.75		0.937658
468.875		0.937658
469		0.937658
469.125		0.938564
469.25		0.938564
469.375		0.938564
469.5		0.938564
469.625		0.938564
469.75		0.938564
469.875		0.938564
470		0.938564
470.125		0.93926
470.25		0.93926
470.375		0.93926
470.5		0.93926
470.625		0.93926
470.75		0.93926
470.875		0.93926
471		0.93926
471.125		0.93975
471.25		0.93975
471.375		0.93975
471.5		0.93975
471.625		0.93975
471.75		0.93975
471.875		0.93975
472		0.93975
472.125		0.942502
472.25		0.942502
472.375		0.942502
472.5		0.942502
472.625		0.942502
472.75		0.942502
472.875		0.942502
473		0.942502
473.125		0.946346
473.25		0.946346
473.375		0.946346
473.5		0.946346
473.625		0.946346
473.75		0.946346
473.875		0.946346
474		0.946346
474.125		0.948537
474.25		0.948537
474.375		0.948537
474.5		0.948537
474.625		0.948537
474.75		0.948537
474.875		0.948537
475		0.948537
475.125		0.948672
475.25		0.948672
475.375		0.948672
475.5		0.948672
475.625		0.948672
475.75		0.948672
475.875		0.948672
476		0.948672
476.125		0.949041
476.25		0.949041
476.375		0.949041
476.5		0.949041
476.625		0.949041
476.75		0.949041
476.875		0.949041
477		0.949041
477.125		0.953274
477.25		0.953274
477.375		0.953274
477.5		0.953274
477.625		0.953274
477.75		0.953274
477.875		0.953274
478		0.953274
478.125		0.954596
478.25		0.954596
478.375		0.954596
478.5		0.954596
478.625		0.954596
478.75		0.954596
478.875		0.954596
479		0.954596
479.125		0.958818
479.25		0.958818
479.375		0.958818
479.5		0.958818
479.625		0.958818
479.75		0.958818
479.875		0.958818
480		0.958818
480.125		0.959556
480.25		0.959556
480.375		0.959556
480.5		0.959556
480.625		0.959556
480.75		0.959556
480.875		0.959556
481		0.959556
481.125		0.960042
481.25		0.960042
481.375		0.960042
481.5		0.960042
481.625		0.960042
481.75		0.960042
481.875		0.960042
482		0.960042
482.125		0.964522
482.25		0.964522
482.375		0.964522
482.5		0.964522
482.625		0.964522
482.75		0.964522
482.875		0.964522
483		0.964522
483.125		0.965923
483.25		0.965923
483.375		0.965923
483.5		0.965923
483.625		0.965923
483.75		0.965923
483.875		0.965923
484		0.965923
484.125		0.966946
484.25		0.966946
484.375		0.966946
484.5		0.966946
484.625		0.966946
484.75		0.966946
484.875		0.966946
485		0.966946
485.125		0.968077
485.25		0.968077
485.375		0.968077
485.5		0.968077
485.625		0.968077
485.75		0.968077
485.875		0.968077
486		0.968077
486.125		0.972496
486.25		0.972496
486.375		0.972496
486.5		0.972496
486.625		0.972496
486.75		0.972496
486.875		0.972496
487		0.972496
487.125		0.973117
487.25		0.973117
487.375		0.973117
487.5		0.973117
487.625		0.973117
487.75		0.973117
487.875		0.973117
488		0.973117
488.125		0.97606
488.25		0.97606
488.375		0.97606
488.5		0.97606
488.625		0.97606
488.75		0.97606
488.875		0.97606
489		0.97606
489.125		0.976681
489.25		0.976681
489.375		0.976681
489.5		0.976681
489.625		0.976681
489.75		0.976681
489.875		0.976681
490		0.976681
490.125		0.981936
490.25		0.981936
490.375		0.981936
490.5		0.981936
490.625		0.981936
490.75		0.981936
490.875		0.981936
491		0.981936
491.125		0.982562
491.25		0.982562
491.375		0.982562
491.5		0.982562
491.625		0.982562
491.75		0.982562
491.875		0.982562
492		0.982562
492.125		0.984506
492.25		0.984506
492.375		0.984506
492.5		0.984506
492.625		0.984506
492.75		0.984506
492.875		0.984506
493		0.984506
493.125		0.985454
493.25		0.985454
493.375		0.985454
493.5		0.985454
493.625		0.985454
493.75		0.985454
493.875		0.985454
494		0.985454
494.125		0.989135
494.25		0.989135
494.375		0.989135
494.5		0.989135
494.625		0.989135
494.75		0.989135
494.875		0.989135
495		0.989135
495.125		0.990704
495.25		0.990704
495.375		0.990704
495.5		0.990704
495.625		0.990704
495.75		0.990704
495.875		0.990704
496		0.990704
496.125		0.99134
496.25		0.99134
496.375		0.99134
496.5		0.99134
496.625		0.99134
496.75		0.99134
496.875		0.99134
497		0.99134
497.125		0.992792
497.25		0.992792
497.375		0.992792
497.5		0.992792
497.625		0.992792
497.75		0.992792
497.875		0.992792
498		0.992792
498.125		0.998491
498.25		0.998491
498.375		0.998491
498.5		0.998491
498.625		0.998491
498.75		0.998491
498.875		0.998491
499		0.998491
499.125		1
499.25		1
499.375		1
499.5		1
499.625		1
499.75		1
499.875		1
500		1
