# Calibration file of tamex_id 0 @ channel 13
# fine_T bin		 Calibration value
0.125		0
0.25		0
0.375		0
0.5		0
0.625		0
0.75		0
0.875		0
1		0
1.125		0
1.25		0
1.375		0
1.5		0
1.625		0
1.75		0
1.875		0
2		0
2.125		0
2.25		0
2.375		0
2.5		0
2.625		0
2.75		0
2.875		0
3		0
3.125		0
3.25		0
3.375		0
3.5		0
3.625		0
3.75		0
3.875		0
4		0
4.125		0
4.25		0
4.375		0
4.5		0
4.625		0
4.75		0
4.875		0
5		0
5.125		0
5.25		0
5.375		0
5.5		0
5.625		0
5.75		0
5.875		0
6		0
6.125		0
6.25		0
6.375		0
6.5		0
6.625		0
6.75		0
6.875		0
7		0
7.125		0
7.25		0
7.375		0
7.5		0
7.625		0
7.75		0
7.875		0
8		0
8.125		0
8.25		0
8.375		0
8.5		0
8.625		0
8.75		0
8.875		0
9		0
9.125		0
9.25		0
9.375		0
9.5		0
9.625		0
9.75		0
9.875		0
10		0
10.125		0
10.25		0
10.375		0
10.5		0
10.625		0
10.75		0
10.875		0
11		0
11.125		0
11.25		0
11.375		0
11.5		0
11.625		0
11.75		0
11.875		0
12		0
12.125		0
12.25		0
12.375		0
12.5		0
12.625		0
12.75		0
12.875		0
13		0
13.125		0
13.25		0
13.375		0
13.5		0
13.625		0
13.75		0
13.875		0
14		0
14.125		0
14.25		0
14.375		0
14.5		0
14.625		0
14.75		0
14.875		0
15		0
15.125		0
15.25		0
15.375		0
15.5		0
15.625		0
15.75		0
15.875		0
16		0
16.125		0
16.25		0
16.375		0
16.5		0
16.625		0
16.75		0
16.875		0
17		0
17.125		0
17.25		0
17.375		0
17.5		0
17.625		0
17.75		0
17.875		0
18		0
18.125		0
18.25		0
18.375		0
18.5		0
18.625		0
18.75		0
18.875		0
19		0
19.125		0
19.25		0
19.375		0
19.5		0
19.625		0
19.75		0
19.875		0
20		0
20.125		0
20.25		0
20.375		0
20.5		0
20.625		0
20.75		0
20.875		0
21		0
21.125		0.000893268
21.25		0.000893268
21.375		0.000893268
21.5		0.000893268
21.625		0.000893268
21.75		0.000893268
21.875		0.000893268
22		0.000893268
22.125		0.00519275
22.25		0.00519275
22.375		0.00519275
22.5		0.00519275
22.625		0.00519275
22.75		0.00519275
22.875		0.00519275
23		0.00519275
23.125		0.00623049
23.25		0.00623049
23.375		0.00623049
23.5		0.00623049
23.625		0.00623049
23.75		0.00623049
23.875		0.00623049
24		0.00623049
24.125		0.00941695
24.25		0.00941695
24.375		0.00941695
24.5		0.00941695
24.625		0.00941695
24.75		0.00941695
24.875		0.00941695
25		0.00941695
25.125		0.0119543
25.25		0.0119543
25.375		0.0119543
25.5		0.0119543
25.625		0.0119543
25.75		0.0119543
25.875		0.0119543
26		0.0119543
26.125		0.013572
26.25		0.013572
26.375		0.013572
26.5		0.013572
26.625		0.013572
26.75		0.013572
26.875		0.013572
27		0.013572
27.125		0.0167747
27.25		0.0167747
27.375		0.0167747
27.5		0.0167747
27.625		0.0167747
27.75		0.0167747
27.875		0.0167747
28		0.0167747
28.125		0.0196071
28.25		0.0196071
28.375		0.0196071
28.5		0.0196071
28.625		0.0196071
28.75		0.0196071
28.875		0.0196071
29		0.0196071
29.125		0.0204251
29.25		0.0204251
29.375		0.0204251
29.5		0.0204251
29.625		0.0204251
29.75		0.0204251
29.875		0.0204251
30		0.0204251
30.125		0.0227753
30.25		0.0227753
30.375		0.0227753
30.5		0.0227753
30.625		0.0227753
30.75		0.0227753
30.875		0.0227753
31		0.0227753
31.125		0.0242037
31.25		0.0242037
31.375		0.0242037
31.5		0.0242037
31.625		0.0242037
31.75		0.0242037
31.875		0.0242037
32		0.0242037
32.125		0.0284136
32.25		0.0284136
32.375		0.0284136
32.5		0.0284136
32.625		0.0284136
32.75		0.0284136
32.875		0.0284136
33		0.0284136
33.125		0.028611
33.25		0.028611
33.375		0.028611
33.5		0.028611
33.625		0.028611
33.75		0.028611
33.875		0.028611
34		0.028611
34.125		0.0297729
34.25		0.0297729
34.375		0.0297729
34.5		0.0297729
34.625		0.0297729
34.75		0.0297729
34.875		0.0297729
35		0.0297729
35.125		0.0319155
35.25		0.0319155
35.375		0.0319155
35.5		0.0319155
35.625		0.0319155
35.75		0.0319155
35.875		0.0319155
36		0.0319155
36.125		0.0361845
36.25		0.0361845
36.375		0.0361845
36.5		0.0361845
36.625		0.0361845
36.75		0.0361845
36.875		0.0361845
37		0.0361845
37.125		0.0394198
37.25		0.0394198
37.375		0.0394198
37.5		0.0394198
37.625		0.0394198
37.75		0.0394198
37.875		0.0394198
38		0.0394198
38.125		0.0395886
38.25		0.0395886
38.375		0.0395886
38.5		0.0395886
38.625		0.0395886
38.75		0.0395886
38.875		0.0395886
39		0.0395886
39.125		0.0404616
39.25		0.0404616
39.375		0.0404616
39.5		0.0404616
39.625		0.0404616
39.75		0.0404616
39.875		0.0404616
40		0.0404616
40.125		0.0439797
40.25		0.0439797
40.375		0.0439797
40.5		0.0439797
40.625		0.0439797
40.75		0.0439797
40.875		0.0439797
41		0.0439797
41.125		0.0457561
41.25		0.0457561
41.375		0.0457561
41.5		0.0457561
41.625		0.0457561
41.75		0.0457561
41.875		0.0457561
42		0.0457561
42.125		0.0473127
42.25		0.0473127
42.375		0.0473127
42.5		0.0473127
42.625		0.0473127
42.75		0.0473127
42.875		0.0473127
43		0.0473127
43.125		0.0519031
43.25		0.0519031
43.375		0.0519031
43.5		0.0519031
43.625		0.0519031
43.75		0.0519031
43.875		0.0519031
44		0.0519031
44.125		0.0531321
44.25		0.0531321
44.375		0.0531321
44.5		0.0531321
44.625		0.0531321
44.75		0.0531321
44.875		0.0531321
45		0.0531321
45.125		0.0549288
45.25		0.0549288
45.375		0.0549288
45.5		0.0549288
45.625		0.0549288
45.75		0.0549288
45.875		0.0549288
46		0.0549288
46.125		0.0566075
46.25		0.0566075
46.375		0.0566075
46.5		0.0566075
46.625		0.0566075
46.75		0.0566075
46.875		0.0566075
47		0.0566075
47.125		0.0588763
47.25		0.0588763
47.375		0.0588763
47.5		0.0588763
47.625		0.0588763
47.75		0.0588763
47.875		0.0588763
48		0.0588763
48.125		0.0604126
48.25		0.0604126
48.375		0.0604126
48.5		0.0604126
48.625		0.0604126
48.75		0.0604126
48.875		0.0604126
49		0.0604126
49.125		0.0619326
49.25		0.0619326
49.375		0.0619326
49.5		0.0619326
49.625		0.0619326
49.75		0.0619326
49.875		0.0619326
50		0.0619326
50.125		0.0656338
50.25		0.0656338
50.375		0.0656338
50.5		0.0656338
50.625		0.0656338
50.75		0.0656338
50.875		0.0656338
51		0.0656338
51.125		0.0670012
51.25		0.0670012
51.375		0.0670012
51.5		0.0670012
51.625		0.0670012
51.75		0.0670012
51.875		0.0670012
52		0.0670012
52.125		0.0676808
52.25		0.0676808
52.375		0.0676808
52.5		0.0676808
52.625		0.0676808
52.75		0.0676808
52.875		0.0676808
53		0.0676808
53.125		0.0712152
53.25		0.0712152
53.375		0.0712152
53.5		0.0712152
53.625		0.0712152
53.75		0.0712152
53.875		0.0712152
54		0.0712152
54.125		0.0752705
54.25		0.0752705
54.375		0.0752705
54.5		0.0752705
54.625		0.0752705
54.75		0.0752705
54.875		0.0752705
55		0.0752705
55.125		0.0764303
55.25		0.0764303
55.375		0.0764303
55.5		0.0764303
55.625		0.0764303
55.75		0.0764303
55.875		0.0764303
56		0.0764303
56.125		0.0778303
56.25		0.0778303
56.375		0.0778303
56.5		0.0778303
56.625		0.0778303
56.75		0.0778303
56.875		0.0778303
57		0.0778303
57.125		0.078516
57.25		0.078516
57.375		0.078516
57.5		0.078516
57.625		0.078516
57.75		0.078516
57.875		0.078516
58		0.078516
58.125		0.0845898
58.25		0.0845898
58.375		0.0845898
58.5		0.0845898
58.625		0.0845898
58.75		0.0845898
58.875		0.0845898
59		0.0845898
59.125		0.0848055
59.25		0.0848055
59.375		0.0848055
59.5		0.0848055
59.625		0.0848055
59.75		0.0848055
59.875		0.0848055
60		0.0848055
60.125		0.0858778
60.25		0.0858778
60.375		0.0858778
60.5		0.0858778
60.625		0.0858778
60.75		0.0858778
60.875		0.0858778
61		0.0858778
61.125		0.0873591
61.25		0.0873591
61.375		0.0873591
61.5		0.0873591
61.625		0.0873591
61.75		0.0873591
61.875		0.0873591
62		0.0873591
62.125		0.09162
62.25		0.09162
62.375		0.09162
62.5		0.09162
62.625		0.09162
62.75		0.09162
62.875		0.09162
63		0.09162
63.125		0.0946111
63.25		0.0946111
63.375		0.0946111
63.5		0.0946111
63.625		0.0946111
63.75		0.0946111
63.875		0.0946111
64		0.0946111
64.125		0.0961229
64.25		0.0961229
64.375		0.0961229
64.5		0.0961229
64.625		0.0961229
64.75		0.0961229
64.875		0.0961229
65		0.0961229
65.125		0.097533
65.25		0.097533
65.375		0.097533
65.5		0.097533
65.625		0.097533
65.75		0.097533
65.875		0.097533
66		0.097533
66.125		0.100909
66.25		0.100909
66.375		0.100909
66.5		0.100909
66.625		0.100909
66.75		0.100909
66.875		0.100909
67		0.100909
67.125		0.10353
67.25		0.10353
67.375		0.10353
67.5		0.10353
67.625		0.10353
67.75		0.10353
67.875		0.10353
68		0.10353
68.125		0.103939
68.25		0.103939
68.375		0.103939
68.5		0.103939
68.625		0.103939
68.75		0.103939
68.875		0.103939
69		0.103939
69.125		0.107469
69.25		0.107469
69.375		0.107469
69.5		0.107469
69.625		0.107469
69.75		0.107469
69.875		0.107469
70		0.107469
70.125		0.109141
70.25		0.109141
70.375		0.109141
70.5		0.109141
70.625		0.109141
70.75		0.109141
70.875		0.109141
71		0.109141
71.125		0.110788
71.25		0.110788
71.375		0.110788
71.5		0.110788
71.625		0.110788
71.75		0.110788
71.875		0.110788
72		0.110788
72.125		0.112499
72.25		0.112499
72.375		0.112499
72.5		0.112499
72.625		0.112499
72.75		0.112499
72.875		0.112499
73		0.112499
73.125		0.115803
73.25		0.115803
73.375		0.115803
73.5		0.115803
73.625		0.115803
73.75		0.115803
73.875		0.115803
74		0.115803
74.125		0.116133
74.25		0.116133
74.375		0.116133
74.5		0.116133
74.625		0.116133
74.75		0.116133
74.875		0.116133
75		0.116133
75.125		0.120223
75.25		0.120223
75.375		0.120223
75.5		0.120223
75.625		0.120223
75.75		0.120223
75.875		0.120223
76		0.120223
76.125		0.122225
76.25		0.122225
76.375		0.122225
76.5		0.122225
76.625		0.122225
76.75		0.122225
76.875		0.122225
77		0.122225
77.125		0.124492
77.25		0.124492
77.375		0.124492
77.5		0.124492
77.625		0.124492
77.75		0.124492
77.875		0.124492
78		0.124492
78.125		0.124785
78.25		0.124785
78.375		0.124785
78.5		0.124785
78.625		0.124785
78.75		0.124785
78.875		0.124785
79		0.124785
79.125		0.12686
79.25		0.12686
79.375		0.12686
79.5		0.12686
79.625		0.12686
79.75		0.12686
79.875		0.12686
80		0.12686
80.125		0.129957
80.25		0.129957
80.375		0.129957
80.5		0.129957
80.625		0.129957
80.75		0.129957
80.875		0.129957
81		0.129957
81.125		0.13317
81.25		0.13317
81.375		0.13317
81.5		0.13317
81.625		0.13317
81.75		0.13317
81.875		0.13317
82		0.13317
82.125		0.133968
82.25		0.133968
82.375		0.133968
82.5		0.133968
82.625		0.133968
82.75		0.133968
82.875		0.133968
83		0.133968
83.125		0.134106
83.25		0.134106
83.375		0.134106
83.5		0.134106
83.625		0.134106
83.75		0.134106
83.875		0.134106
84		0.134106
84.125		0.140133
84.25		0.140133
84.375		0.140133
84.5		0.140133
84.625		0.140133
84.75		0.140133
84.875		0.140133
85		0.140133
85.125		0.140343
85.25		0.140343
85.375		0.140343
85.5		0.140343
85.625		0.140343
85.75		0.140343
85.875		0.140343
86		0.140343
86.125		0.142038
86.25		0.142038
86.375		0.142038
86.5		0.142038
86.625		0.142038
86.75		0.142038
86.875		0.142038
87		0.142038
87.125		0.143277
87.25		0.143277
87.375		0.143277
87.5		0.143277
87.625		0.143277
87.75		0.143277
87.875		0.143277
88		0.143277
88.125		0.148022
88.25		0.148022
88.375		0.148022
88.5		0.148022
88.625		0.148022
88.75		0.148022
88.875		0.148022
89		0.148022
89.125		0.148384
89.25		0.148384
89.375		0.148384
89.5		0.148384
89.625		0.148384
89.75		0.148384
89.875		0.148384
90		0.148384
90.125		0.151109
90.25		0.151109
90.375		0.151109
90.5		0.151109
90.625		0.151109
90.75		0.151109
90.875		0.151109
91		0.151109
91.125		0.151345
91.25		0.151345
91.375		0.151345
91.5		0.151345
91.625		0.151345
91.75		0.151345
91.875		0.151345
92		0.151345
92.125		0.156704
92.25		0.156704
92.375		0.156704
92.5		0.156704
92.625		0.156704
92.75		0.156704
92.875		0.156704
93		0.156704
93.125		0.158503
93.25		0.158503
93.375		0.158503
93.5		0.158503
93.625		0.158503
93.75		0.158503
93.875		0.158503
94		0.158503
94.125		0.158764
94.25		0.158764
94.375		0.158764
94.5		0.158764
94.625		0.158764
94.75		0.158764
94.875		0.158764
95		0.158764
95.125		0.160943
95.25		0.160943
95.375		0.160943
95.5		0.160943
95.625		0.160943
95.75		0.160943
95.875		0.160943
96		0.160943
96.125		0.166079
96.25		0.166079
96.375		0.166079
96.5		0.166079
96.625		0.166079
96.75		0.166079
96.875		0.166079
97		0.166079
97.125		0.168213
97.25		0.168213
97.375		0.168213
97.5		0.168213
97.625		0.168213
97.75		0.168213
97.875		0.168213
98		0.168213
98.125		0.168366
98.25		0.168366
98.375		0.168366
98.5		0.168366
98.625		0.168366
98.75		0.168366
98.875		0.168366
99		0.168366
99.125		0.169391
99.25		0.169391
99.375		0.169391
99.5		0.169391
99.625		0.169391
99.75		0.169391
99.875		0.169391
100		0.169391
100.125		0.173349
100.25		0.173349
100.375		0.173349
100.5		0.173349
100.625		0.173349
100.75		0.173349
100.875		0.173349
101		0.173349
101.125		0.17773
101.25		0.17773
101.375		0.17773
101.5		0.17773
101.625		0.17773
101.75		0.17773
101.875		0.17773
102		0.17773
102.125		0.179579
102.25		0.179579
102.375		0.179579
102.5		0.179579
102.625		0.179579
102.75		0.179579
102.875		0.179579
103		0.179579
103.125		0.180336
103.25		0.180336
103.375		0.180336
103.5		0.180336
103.625		0.180336
103.75		0.180336
103.875		0.180336
104		0.180336
104.125		0.182784
104.25		0.182784
104.375		0.182784
104.5		0.182784
104.625		0.182784
104.75		0.182784
104.875		0.182784
105		0.182784
105.125		0.185389
105.25		0.185389
105.375		0.185389
105.5		0.185389
105.625		0.185389
105.75		0.185389
105.875		0.185389
106		0.185389
106.125		0.188689
106.25		0.188689
106.375		0.188689
106.5		0.188689
106.625		0.188689
106.75		0.188689
106.875		0.188689
107		0.188689
107.125		0.191332
107.25		0.191332
107.375		0.191332
107.5		0.191332
107.625		0.191332
107.75		0.191332
107.875		0.191332
108		0.191332
108.125		0.192059
108.25		0.192059
108.375		0.192059
108.5		0.192059
108.625		0.192059
108.75		0.192059
108.875		0.192059
109		0.192059
109.125		0.192883
109.25		0.192883
109.375		0.192883
109.5		0.192883
109.625		0.192883
109.75		0.192883
109.875		0.192883
110		0.192883
110.125		0.19706
110.25		0.19706
110.375		0.19706
110.5		0.19706
110.625		0.19706
110.75		0.19706
110.875		0.19706
111		0.19706
111.125		0.197844
111.25		0.197844
111.375		0.197844
111.5		0.197844
111.625		0.197844
111.75		0.197844
111.875		0.197844
112		0.197844
112.125		0.199795
112.25		0.199795
112.375		0.199795
112.5		0.199795
112.625		0.199795
112.75		0.199795
112.875		0.199795
113		0.199795
113.125		0.201879
113.25		0.201879
113.375		0.201879
113.5		0.201879
113.625		0.201879
113.75		0.201879
113.875		0.201879
114		0.201879
114.125		0.204247
114.25		0.204247
114.375		0.204247
114.5		0.204247
114.625		0.204247
114.75		0.204247
114.875		0.204247
115		0.204247
115.125		0.205281
115.25		0.205281
115.375		0.205281
115.5		0.205281
115.625		0.205281
115.75		0.205281
115.875		0.205281
116		0.205281
116.125		0.208424
116.25		0.208424
116.375		0.208424
116.5		0.208424
116.625		0.208424
116.75		0.208424
116.875		0.208424
117		0.208424
117.125		0.20971
117.25		0.20971
117.375		0.20971
117.5		0.20971
117.625		0.20971
117.75		0.20971
117.875		0.20971
118		0.20971
118.125		0.21507
118.25		0.21507
118.375		0.21507
118.5		0.21507
118.625		0.21507
118.75		0.21507
118.875		0.21507
119		0.21507
119.125		0.215874
119.25		0.215874
119.375		0.215874
119.5		0.215874
119.625		0.215874
119.75		0.215874
119.875		0.215874
120		0.215874
120.125		0.216946
120.25		0.216946
120.375		0.216946
120.5		0.216946
120.625		0.216946
120.75		0.216946
120.875		0.216946
121		0.216946
121.125		0.21708
121.25		0.21708
121.375		0.21708
121.5		0.21708
121.625		0.21708
121.75		0.21708
121.875		0.21708
122		0.21708
122.125		0.219984
122.25		0.219984
122.375		0.219984
122.5		0.219984
122.625		0.219984
122.75		0.219984
122.875		0.219984
123		0.219984
123.125		0.224015
123.25		0.224015
123.375		0.224015
123.5		0.224015
123.625		0.224015
123.75		0.224015
123.875		0.224015
124		0.224015
124.125		0.226805
124.25		0.226805
124.375		0.226805
124.5		0.226805
124.625		0.226805
124.75		0.226805
124.875		0.226805
125		0.226805
125.125		0.227004
125.25		0.227004
125.375		0.227004
125.5		0.227004
125.625		0.227004
125.75		0.227004
125.875		0.227004
126		0.227004
126.125		0.229794
126.25		0.229794
126.375		0.229794
126.5		0.229794
126.625		0.229794
126.75		0.229794
126.875		0.229794
127		0.229794
127.125		0.232305
127.25		0.232305
127.375		0.232305
127.5		0.232305
127.625		0.232305
127.75		0.232305
127.875		0.232305
128		0.232305
128.125		0.233719
128.25		0.233719
128.375		0.233719
128.5		0.233719
128.625		0.233719
128.75		0.233719
128.875		0.233719
129		0.233719
129.125		0.234179
129.25		0.234179
129.375		0.234179
129.5		0.234179
129.625		0.234179
129.75		0.234179
129.875		0.234179
130		0.234179
130.125		0.235222
130.25		0.235222
130.375		0.235222
130.5		0.235222
130.625		0.235222
130.75		0.235222
130.875		0.235222
131		0.235222
131.125		0.241392
131.25		0.241392
131.375		0.241392
131.5		0.241392
131.625		0.241392
131.75		0.241392
131.875		0.241392
132		0.241392
132.125		0.243714
132.25		0.243714
132.375		0.243714
132.5		0.243714
132.625		0.243714
132.75		0.243714
132.875		0.243714
133		0.243714
133.125		0.244192
133.25		0.244192
133.375		0.244192
133.5		0.244192
133.625		0.244192
133.75		0.244192
133.875		0.244192
134		0.244192
134.125		0.244995
134.25		0.244995
134.375		0.244995
134.5		0.244995
134.625		0.244995
134.75		0.244995
134.875		0.244995
135		0.244995
135.125		0.245189
135.25		0.245189
135.375		0.245189
135.5		0.245189
135.625		0.245189
135.75		0.245189
135.875		0.245189
136		0.245189
136.125		0.251527
136.25		0.251527
136.375		0.251527
136.5		0.251527
136.625		0.251527
136.75		0.251527
136.875		0.251527
137		0.251527
137.125		0.253242
137.25		0.253242
137.375		0.253242
137.5		0.253242
137.625		0.253242
137.75		0.253242
137.875		0.253242
138		0.253242
138.125		0.253448
138.25		0.253448
138.375		0.253448
138.5		0.253448
138.625		0.253448
138.75		0.253448
138.875		0.253448
139		0.253448
139.125		0.2551
139.25		0.2551
139.375		0.2551
139.5		0.2551
139.625		0.2551
139.75		0.2551
139.875		0.2551
140		0.2551
140.125		0.262867
140.25		0.262867
140.375		0.262867
140.5		0.262867
140.625		0.262867
140.75		0.262867
140.875		0.262867
141		0.262867
141.125		0.264285
141.25		0.264285
141.375		0.264285
141.5		0.264285
141.625		0.264285
141.75		0.264285
141.875		0.264285
142		0.264285
142.125		0.264601
142.25		0.264601
142.375		0.264601
142.5		0.264601
142.625		0.264601
142.75		0.264601
142.875		0.264601
143		0.264601
143.125		0.265689
143.25		0.265689
143.375		0.265689
143.5		0.265689
143.625		0.265689
143.75		0.265689
143.875		0.265689
144		0.265689
144.125		0.271012
144.25		0.271012
144.375		0.271012
144.5		0.271012
144.625		0.271012
144.75		0.271012
144.875		0.271012
145		0.271012
145.125		0.2732
145.25		0.2732
145.375		0.2732
145.5		0.2732
145.625		0.2732
145.75		0.2732
145.875		0.2732
146		0.2732
146.125		0.273403
146.25		0.273403
146.375		0.273403
146.5		0.273403
146.625		0.273403
146.75		0.273403
146.875		0.273403
147		0.273403
147.125		0.27589
147.25		0.27589
147.375		0.27589
147.5		0.27589
147.625		0.27589
147.75		0.27589
147.875		0.27589
148		0.27589
148.125		0.27756
148.25		0.27756
148.375		0.27756
148.5		0.27756
148.625		0.27756
148.75		0.27756
148.875		0.27756
149		0.27756
149.125		0.280502
149.25		0.280502
149.375		0.280502
149.5		0.280502
149.625		0.280502
149.75		0.280502
149.875		0.280502
150		0.280502
150.125		0.281119
150.25		0.281119
150.375		0.281119
150.5		0.281119
150.625		0.281119
150.75		0.281119
150.875		0.281119
151		0.281119
151.125		0.283335
151.25		0.283335
151.375		0.283335
151.5		0.283335
151.625		0.283335
151.75		0.283335
151.875		0.283335
152		0.283335
152.125		0.285677
152.25		0.285677
152.375		0.285677
152.5		0.285677
152.625		0.285677
152.75		0.285677
152.875		0.285677
153		0.285677
153.125		0.288348
153.25		0.288348
153.375		0.288348
153.5		0.288348
153.625		0.288348
153.75		0.288348
153.875		0.288348
154		0.288348
154.125		0.290526
154.25		0.290526
154.375		0.290526
154.5		0.290526
154.625		0.290526
154.75		0.290526
154.875		0.290526
155		0.290526
155.125		0.294052
155.25		0.294052
155.375		0.294052
155.5		0.294052
155.625		0.294052
155.75		0.294052
155.875		0.294052
156		0.294052
156.125		0.29684
156.25		0.29684
156.375		0.29684
156.5		0.29684
156.625		0.29684
156.75		0.29684
156.875		0.29684
157		0.29684
157.125		0.297015
157.25		0.297015
157.375		0.297015
157.5		0.297015
157.625		0.297015
157.75		0.297015
157.875		0.297015
158		0.297015
158.125		0.300398
158.25		0.300398
158.375		0.300398
158.5		0.300398
158.625		0.300398
158.75		0.300398
158.875		0.300398
159		0.300398
159.125		0.301865
159.25		0.301865
159.375		0.301865
159.5		0.301865
159.625		0.301865
159.75		0.301865
159.875		0.301865
160		0.301865
160.125		0.302291
160.25		0.302291
160.375		0.302291
160.5		0.302291
160.625		0.302291
160.75		0.302291
160.875		0.302291
161		0.302291
161.125		0.307136
161.25		0.307136
161.375		0.307136
161.5		0.307136
161.625		0.307136
161.75		0.307136
161.875		0.307136
162		0.307136
162.125		0.307365
162.25		0.307365
162.375		0.307365
162.5		0.307365
162.625		0.307365
162.75		0.307365
162.875		0.307365
163		0.307365
163.125		0.310434
163.25		0.310434
163.375		0.310434
163.5		0.310434
163.625		0.310434
163.75		0.310434
163.875		0.310434
164		0.310434
164.125		0.313163
164.25		0.313163
164.375		0.313163
164.5		0.313163
164.625		0.313163
164.75		0.313163
164.875		0.313163
165		0.313163
165.125		0.313657
165.25		0.313657
165.375		0.313657
165.5		0.313657
165.625		0.313657
165.75		0.313657
165.875		0.313657
166		0.313657
166.125		0.316093
166.25		0.316093
166.375		0.316093
166.5		0.316093
166.625		0.316093
166.75		0.316093
166.875		0.316093
167		0.316093
167.125		0.319489
167.25		0.319489
167.375		0.319489
167.5		0.319489
167.625		0.319489
167.75		0.319489
167.875		0.319489
168		0.319489
168.125		0.319855
168.25		0.319855
168.375		0.319855
168.5		0.319855
168.625		0.319855
168.75		0.319855
168.875		0.319855
169		0.319855
169.125		0.320651
169.25		0.320651
169.375		0.320651
169.5		0.320651
169.625		0.320651
169.75		0.320651
169.875		0.320651
170		0.320651
170.125		0.328474
170.25		0.328474
170.375		0.328474
170.5		0.328474
170.625		0.328474
170.75		0.328474
170.875		0.328474
171		0.328474
171.125		0.328779
171.25		0.328779
171.375		0.328779
171.5		0.328779
171.625		0.328779
171.75		0.328779
171.875		0.328779
172		0.328779
172.125		0.329044
172.25		0.329044
172.375		0.329044
172.5		0.329044
172.625		0.329044
172.75		0.329044
172.875		0.329044
173		0.329044
173.125		0.331372
173.25		0.331372
173.375		0.331372
173.5		0.331372
173.625		0.331372
173.75		0.331372
173.875		0.331372
174		0.331372
174.125		0.336752
174.25		0.336752
174.375		0.336752
174.5		0.336752
174.625		0.336752
174.75		0.336752
174.875		0.336752
175		0.336752
175.125		0.337669
175.25		0.337669
175.375		0.337669
175.5		0.337669
175.625		0.337669
175.75		0.337669
175.875		0.337669
176		0.337669
176.125		0.339059
176.25		0.339059
176.375		0.339059
176.5		0.339059
176.625		0.339059
176.75		0.339059
176.875		0.339059
177		0.339059
177.125		0.342461
177.25		0.342461
177.375		0.342461
177.5		0.342461
177.625		0.342461
177.75		0.342461
177.875		0.342461
178		0.342461
178.125		0.342811
178.25		0.342811
178.375		0.342811
178.5		0.342811
178.625		0.342811
178.75		0.342811
178.875		0.342811
179		0.342811
179.125		0.346045
179.25		0.346045
179.375		0.346045
179.5		0.346045
179.625		0.346045
179.75		0.346045
179.875		0.346045
180		0.346045
180.125		0.348684
180.25		0.348684
180.375		0.348684
180.5		0.348684
180.625		0.348684
180.75		0.348684
180.875		0.348684
181		0.348684
181.125		0.349909
181.25		0.349909
181.375		0.349909
181.5		0.349909
181.625		0.349909
181.75		0.349909
181.875		0.349909
182		0.349909
182.125		0.351014
182.25		0.351014
182.375		0.351014
182.5		0.351014
182.625		0.351014
182.75		0.351014
182.875		0.351014
183		0.351014
183.125		0.353801
183.25		0.353801
183.375		0.353801
183.5		0.353801
183.625		0.353801
183.75		0.353801
183.875		0.353801
184		0.353801
184.125		0.354446
184.25		0.354446
184.375		0.354446
184.5		0.354446
184.625		0.354446
184.75		0.354446
184.875		0.354446
185		0.354446
185.125		0.358654
185.25		0.358654
185.375		0.358654
185.5		0.358654
185.625		0.358654
185.75		0.358654
185.875		0.358654
186		0.358654
186.125		0.358874
186.25		0.358874
186.375		0.358874
186.5		0.358874
186.625		0.358874
186.75		0.358874
186.875		0.358874
187		0.358874
187.125		0.361352
187.25		0.361352
187.375		0.361352
187.5		0.361352
187.625		0.361352
187.75		0.361352
187.875		0.361352
188		0.361352
188.125		0.362793
188.25		0.362793
188.375		0.362793
188.5		0.362793
188.625		0.362793
188.75		0.362793
188.875		0.362793
189		0.362793
189.125		0.362972
189.25		0.362972
189.375		0.362972
189.5		0.362972
189.625		0.362972
189.75		0.362972
189.875		0.362972
190		0.362972
190.125		0.368362
190.25		0.368362
190.375		0.368362
190.5		0.368362
190.625		0.368362
190.75		0.368362
190.875		0.368362
191		0.368362
191.125		0.368848
191.25		0.368848
191.375		0.368848
191.5		0.368848
191.625		0.368848
191.75		0.368848
191.875		0.368848
192		0.368848
192.125		0.372832
192.25		0.372832
192.375		0.372832
192.5		0.372832
192.625		0.372832
192.75		0.372832
192.875		0.372832
193		0.372832
193.125		0.374344
193.25		0.374344
193.375		0.374344
193.5		0.374344
193.625		0.374344
193.75		0.374344
193.875		0.374344
194		0.374344
194.125		0.376068
194.25		0.376068
194.375		0.376068
194.5		0.376068
194.625		0.376068
194.75		0.376068
194.875		0.376068
195		0.376068
195.125		0.379209
195.25		0.379209
195.375		0.379209
195.5		0.379209
195.625		0.379209
195.75		0.379209
195.875		0.379209
196		0.379209
196.125		0.383928
196.25		0.383928
196.375		0.383928
196.5		0.383928
196.625		0.383928
196.75		0.383928
196.875		0.383928
197		0.383928
197.125		0.385505
197.25		0.385505
197.375		0.385505
197.5		0.385505
197.625		0.385505
197.75		0.385505
197.875		0.385505
198		0.385505
198.125		0.386052
198.25		0.386052
198.375		0.386052
198.5		0.386052
198.625		0.386052
198.75		0.386052
198.875		0.386052
199		0.386052
199.125		0.386708
199.25		0.386708
199.375		0.386708
199.5		0.386708
199.625		0.386708
199.75		0.386708
199.875		0.386708
200		0.386708
200.125		0.387092
200.25		0.387092
200.375		0.387092
200.5		0.387092
200.625		0.387092
200.75		0.387092
200.875		0.387092
201		0.387092
201.125		0.392462
201.25		0.392462
201.375		0.392462
201.5		0.392462
201.625		0.392462
201.75		0.392462
201.875		0.392462
202		0.392462
202.125		0.394155
202.25		0.394155
202.375		0.394155
202.5		0.394155
202.625		0.394155
202.75		0.394155
202.875		0.394155
203		0.394155
203.125		0.395946
203.25		0.395946
203.375		0.395946
203.5		0.395946
203.625		0.395946
203.75		0.395946
203.875		0.395946
204		0.395946
204.125		0.397795
204.25		0.397795
204.375		0.397795
204.5		0.397795
204.625		0.397795
204.75		0.397795
204.875		0.397795
205		0.397795
205.125		0.39913
205.25		0.39913
205.375		0.39913
205.5		0.39913
205.625		0.39913
205.75		0.39913
205.875		0.39913
206		0.39913
206.125		0.401382
206.25		0.401382
206.375		0.401382
206.5		0.401382
206.625		0.401382
206.75		0.401382
206.875		0.401382
207		0.401382
207.125		0.403258
207.25		0.403258
207.375		0.403258
207.5		0.403258
207.625		0.403258
207.75		0.403258
207.875		0.403258
208		0.403258
208.125		0.407344
208.25		0.407344
208.375		0.407344
208.5		0.407344
208.625		0.407344
208.75		0.407344
208.875		0.407344
209		0.407344
209.125		0.410018
209.25		0.410018
209.375		0.410018
209.5		0.410018
209.625		0.410018
209.75		0.410018
209.875		0.410018
210		0.410018
210.125		0.411601
210.25		0.411601
210.375		0.411601
210.5		0.411601
210.625		0.411601
210.75		0.411601
210.875		0.411601
211		0.411601
211.125		0.412505
211.25		0.412505
211.375		0.412505
211.5		0.412505
211.625		0.412505
211.75		0.412505
211.875		0.412505
212		0.412505
212.125		0.414004
212.25		0.414004
212.375		0.414004
212.5		0.414004
212.625		0.414004
212.75		0.414004
212.875		0.414004
213		0.414004
213.125		0.416346
213.25		0.416346
213.375		0.416346
213.5		0.416346
213.625		0.416346
213.75		0.416346
213.875		0.416346
214		0.416346
214.125		0.4223
214.25		0.4223
214.375		0.4223
214.5		0.4223
214.625		0.4223
214.75		0.4223
214.875		0.4223
215		0.4223
215.125		0.423193
215.25		0.423193
215.375		0.423193
215.5		0.423193
215.625		0.423193
215.75		0.423193
215.875		0.423193
216		0.423193
216.125		0.423446
216.25		0.423446
216.375		0.423446
216.5		0.423446
216.625		0.423446
216.75		0.423446
216.875		0.423446
217		0.423446
217.125		0.424304
217.25		0.424304
217.375		0.424304
217.5		0.424304
217.625		0.424304
217.75		0.424304
217.875		0.424304
218		0.424304
218.125		0.429721
218.25		0.429721
218.375		0.429721
218.5		0.429721
218.625		0.429721
218.75		0.429721
218.875		0.429721
219		0.429721
219.125		0.432307
219.25		0.432307
219.375		0.432307
219.5		0.432307
219.625		0.432307
219.75		0.432307
219.875		0.432307
220		0.432307
220.125		0.43386
220.25		0.43386
220.375		0.43386
220.5		0.43386
220.625		0.43386
220.75		0.43386
220.875		0.43386
221		0.43386
221.125		0.435091
221.25		0.435091
221.375		0.435091
221.5		0.435091
221.625		0.435091
221.75		0.435091
221.875		0.435091
222		0.435091
222.125		0.439294
222.25		0.439294
222.375		0.439294
222.5		0.439294
222.625		0.439294
222.75		0.439294
222.875		0.439294
223		0.439294
223.125		0.439695
223.25		0.439695
223.375		0.439695
223.5		0.439695
223.625		0.439695
223.75		0.439695
223.875		0.439695
224		0.439695
224.125		0.443285
224.25		0.443285
224.375		0.443285
224.5		0.443285
224.625		0.443285
224.75		0.443285
224.875		0.443285
225		0.443285
225.125		0.443734
225.25		0.443734
225.375		0.443734
225.5		0.443734
225.625		0.443734
225.75		0.443734
225.875		0.443734
226		0.443734
226.125		0.449643
226.25		0.449643
226.375		0.449643
226.5		0.449643
226.625		0.449643
226.75		0.449643
226.875		0.449643
227		0.449643
227.125		0.450514
227.25		0.450514
227.375		0.450514
227.5		0.450514
227.625		0.450514
227.75		0.450514
227.875		0.450514
228		0.450514
228.125		0.450836
228.25		0.450836
228.375		0.450836
228.5		0.450836
228.625		0.450836
228.75		0.450836
228.875		0.450836
229		0.450836
229.125		0.451062
229.25		0.451062
229.375		0.451062
229.5		0.451062
229.625		0.451062
229.75		0.451062
229.875		0.451062
230		0.451062
230.125		0.456397
230.25		0.456397
230.375		0.456397
230.5		0.456397
230.625		0.456397
230.75		0.456397
230.875		0.456397
231		0.456397
231.125		0.4573
231.25		0.4573
231.375		0.4573
231.5		0.4573
231.625		0.4573
231.75		0.4573
231.875		0.4573
232		0.4573
232.125		0.460544
232.25		0.460544
232.375		0.460544
232.5		0.460544
232.625		0.460544
232.75		0.460544
232.875		0.460544
233		0.460544
233.125		0.461834
233.25		0.461834
233.375		0.461834
233.5		0.461834
233.625		0.461834
233.75		0.461834
233.875		0.461834
234		0.461834
234.125		0.463329
234.25		0.463329
234.375		0.463329
234.5		0.463329
234.625		0.463329
234.75		0.463329
234.875		0.463329
235		0.463329
235.125		0.466196
235.25		0.466196
235.375		0.466196
235.5		0.466196
235.625		0.466196
235.75		0.466196
235.875		0.466196
236		0.466196
236.125		0.468323
236.25		0.468323
236.375		0.468323
236.5		0.468323
236.625		0.468323
236.75		0.468323
236.875		0.468323
237		0.468323
237.125		0.469104
237.25		0.469104
237.375		0.469104
237.5		0.469104
237.625		0.469104
237.75		0.469104
237.875		0.469104
238		0.469104
238.125		0.472028
238.25		0.472028
238.375		0.472028
238.5		0.472028
238.625		0.472028
238.75		0.472028
238.875		0.472028
239		0.472028
239.125		0.475658
239.25		0.475658
239.375		0.475658
239.5		0.475658
239.625		0.475658
239.75		0.475658
239.875		0.475658
240		0.475658
240.125		0.475904
240.25		0.475904
240.375		0.475904
240.5		0.475904
240.625		0.475904
240.75		0.475904
240.875		0.475904
241		0.475904
241.125		0.477558
241.25		0.477558
241.375		0.477558
241.5		0.477558
241.625		0.477558
241.75		0.477558
241.875		0.477558
242		0.477558
242.125		0.48056
242.25		0.48056
242.375		0.48056
242.5		0.48056
242.625		0.48056
242.75		0.48056
242.875		0.48056
243		0.48056
243.125		0.483824
243.25		0.483824
243.375		0.483824
243.5		0.483824
243.625		0.483824
243.75		0.483824
243.875		0.483824
244		0.483824
244.125		0.48513
244.25		0.48513
244.375		0.48513
244.5		0.48513
244.625		0.48513
244.75		0.48513
244.875		0.48513
245		0.48513
245.125		0.487706
245.25		0.487706
245.375		0.487706
245.5		0.487706
245.625		0.487706
245.75		0.487706
245.875		0.487706
246		0.487706
246.125		0.488371
246.25		0.488371
246.375		0.488371
246.5		0.488371
246.625		0.488371
246.75		0.488371
246.875		0.488371
247		0.488371
247.125		0.489914
247.25		0.489914
247.375		0.489914
247.5		0.489914
247.625		0.489914
247.75		0.489914
247.875		0.489914
248		0.489914
248.125		0.495123
248.25		0.495123
248.375		0.495123
248.5		0.495123
248.625		0.495123
248.75		0.495123
248.875		0.495123
249		0.495123
249.125		0.496791
249.25		0.496791
249.375		0.496791
249.5		0.496791
249.625		0.496791
249.75		0.496791
249.875		0.496791
250		0.496791
250.125		0.4971
250.25		0.4971
250.375		0.4971
250.5		0.4971
250.625		0.4971
250.75		0.4971
250.875		0.4971
251		0.4971
251.125		0.498466
251.25		0.498466
251.375		0.498466
251.5		0.498466
251.625		0.498466
251.75		0.498466
251.875		0.498466
252		0.498466
252.125		0.502873
252.25		0.502873
252.375		0.502873
252.5		0.502873
252.625		0.502873
252.75		0.502873
252.875		0.502873
253		0.502873
253.125		0.505362
253.25		0.505362
253.375		0.505362
253.5		0.505362
253.625		0.505362
253.75		0.505362
253.875		0.505362
254		0.505362
254.125		0.505732
254.25		0.505732
254.375		0.505732
254.5		0.505732
254.625		0.505732
254.75		0.505732
254.875		0.505732
255		0.505732
255.125		0.507466
255.25		0.507466
255.375		0.507466
255.5		0.507466
255.625		0.507466
255.75		0.507466
255.875		0.507466
256		0.507466
256.125		0.510567
256.25		0.510567
256.375		0.510567
256.5		0.510567
256.625		0.510567
256.75		0.510567
256.875		0.510567
257		0.510567
257.125		0.514713
257.25		0.514713
257.375		0.514713
257.5		0.514713
257.625		0.514713
257.75		0.514713
257.875		0.514713
258		0.514713
258.125		0.515354
258.25		0.515354
258.375		0.515354
258.5		0.515354
258.625		0.515354
258.75		0.515354
258.875		0.515354
259		0.515354
259.125		0.516246
259.25		0.516246
259.375		0.516246
259.5		0.516246
259.625		0.516246
259.75		0.516246
259.875		0.516246
260		0.516246
260.125		0.520222
260.25		0.520222
260.375		0.520222
260.5		0.520222
260.625		0.520222
260.75		0.520222
260.875		0.520222
261		0.520222
261.125		0.521495
261.25		0.521495
261.375		0.521495
261.5		0.521495
261.625		0.521495
261.75		0.521495
261.875		0.521495
262		0.521495
262.125		0.526818
262.25		0.526818
262.375		0.526818
262.5		0.526818
262.625		0.526818
262.75		0.526818
262.875		0.526818
263		0.526818
263.125		0.526938
263.25		0.526938
263.375		0.526938
263.5		0.526938
263.625		0.526938
263.75		0.526938
263.875		0.526938
264		0.526938
264.125		0.528387
264.25		0.528387
264.375		0.528387
264.5		0.528387
264.625		0.528387
264.75		0.528387
264.875		0.528387
265		0.528387
265.125		0.529488
265.25		0.529488
265.375		0.529488
265.5		0.529488
265.625		0.529488
265.75		0.529488
265.875		0.529488
266		0.529488
266.125		0.530172
266.25		0.530172
266.375		0.530172
266.5		0.530172
266.625		0.530172
266.75		0.530172
266.875		0.530172
267		0.530172
267.125		0.535869
267.25		0.535869
267.375		0.535869
267.5		0.535869
267.625		0.535869
267.75		0.535869
267.875		0.535869
268		0.535869
268.125		0.538067
268.25		0.538067
268.375		0.538067
268.5		0.538067
268.625		0.538067
268.75		0.538067
268.875		0.538067
269		0.538067
269.125		0.539106
269.25		0.539106
269.375		0.539106
269.5		0.539106
269.625		0.539106
269.75		0.539106
269.875		0.539106
270		0.539106
270.125		0.541465
270.25		0.541465
270.375		0.541465
270.5		0.541465
270.625		0.541465
270.75		0.541465
270.875		0.541465
271		0.541465
271.125		0.543677
271.25		0.543677
271.375		0.543677
271.5		0.543677
271.625		0.543677
271.75		0.543677
271.875		0.543677
272		0.543677
272.125		0.545591
272.25		0.545591
272.375		0.545591
272.5		0.545591
272.625		0.545591
272.75		0.545591
272.875		0.545591
273		0.545591
273.125		0.547018
273.25		0.547018
273.375		0.547018
273.5		0.547018
273.625		0.547018
273.75		0.547018
273.875		0.547018
274		0.547018
274.125		0.552194
274.25		0.552194
274.375		0.552194
274.5		0.552194
274.625		0.552194
274.75		0.552194
274.875		0.552194
275		0.552194
275.125		0.554125
275.25		0.554125
275.375		0.554125
275.5		0.554125
275.625		0.554125
275.75		0.554125
275.875		0.554125
276		0.554125
276.125		0.554457
276.25		0.554457
276.375		0.554457
276.5		0.554457
276.625		0.554457
276.75		0.554457
276.875		0.554457
277		0.554457
277.125		0.559289
277.25		0.559289
277.375		0.559289
277.5		0.559289
277.625		0.559289
277.75		0.559289
277.875		0.559289
278		0.559289
278.125		0.563835
278.25		0.563835
278.375		0.563835
278.5		0.563835
278.625		0.563835
278.75		0.563835
278.875		0.563835
279		0.563835
279.125		0.565137
279.25		0.565137
279.375		0.565137
279.5		0.565137
279.625		0.565137
279.75		0.565137
279.875		0.565137
280		0.565137
280.125		0.565652
280.25		0.565652
280.375		0.565652
280.5		0.565652
280.625		0.565652
280.75		0.565652
280.875		0.565652
281		0.565652
281.125		0.569014
281.25		0.569014
281.375		0.569014
281.5		0.569014
281.625		0.569014
281.75		0.569014
281.875		0.569014
282		0.569014
282.125		0.570298
282.25		0.570298
282.375		0.570298
282.5		0.570298
282.625		0.570298
282.75		0.570298
282.875		0.570298
283		0.570298
283.125		0.57288
283.25		0.57288
283.375		0.57288
283.5		0.57288
283.625		0.57288
283.75		0.57288
283.875		0.57288
284		0.57288
284.125		0.57288
284.25		0.57288
284.375		0.57288
284.5		0.57288
284.625		0.57288
284.75		0.57288
284.875		0.57288
285		0.57288
285.125		0.575181
285.25		0.575181
285.375		0.575181
285.5		0.575181
285.625		0.575181
285.75		0.575181
285.875		0.575181
286		0.575181
286.125		0.581645
286.25		0.581645
286.375		0.581645
286.5		0.581645
286.625		0.581645
286.75		0.581645
286.875		0.581645
287		0.581645
287.125		0.582779
287.25		0.582779
287.375		0.582779
287.5		0.582779
287.625		0.582779
287.75		0.582779
287.875		0.582779
288		0.582779
288.125		0.584598
288.25		0.584598
288.375		0.584598
288.5		0.584598
288.625		0.584598
288.75		0.584598
288.875		0.584598
289		0.584598
289.125		0.584702
289.25		0.584702
289.375		0.584702
289.5		0.584702
289.625		0.584702
289.75		0.584702
289.875		0.584702
290		0.584702
290.125		0.587587
290.25		0.587587
290.375		0.587587
290.5		0.587587
290.625		0.587587
290.75		0.587587
290.875		0.587587
291		0.587587
291.125		0.589628
291.25		0.589628
291.375		0.589628
291.5		0.589628
291.625		0.589628
291.75		0.589628
291.875		0.589628
292		0.589628
292.125		0.593126
292.25		0.593126
292.375		0.593126
292.5		0.593126
292.625		0.593126
292.75		0.593126
292.875		0.593126
293		0.593126
293.125		0.594522
293.25		0.594522
293.375		0.594522
293.5		0.594522
293.625		0.594522
293.75		0.594522
293.875		0.594522
294		0.594522
294.125		0.597749
294.25		0.597749
294.375		0.597749
294.5		0.597749
294.625		0.597749
294.75		0.597749
294.875		0.597749
295		0.597749
295.125		0.598723
295.25		0.598723
295.375		0.598723
295.5		0.598723
295.625		0.598723
295.75		0.598723
295.875		0.598723
296		0.598723
296.125		0.601468
296.25		0.601468
296.375		0.601468
296.5		0.601468
296.625		0.601468
296.75		0.601468
296.875		0.601468
297		0.601468
297.125		0.602463
297.25		0.602463
297.375		0.602463
297.5		0.602463
297.625		0.602463
297.75		0.602463
297.875		0.602463
298		0.602463
298.125		0.607794
298.25		0.607794
298.375		0.607794
298.5		0.607794
298.625		0.607794
298.75		0.607794
298.875		0.607794
299		0.607794
299.125		0.608439
299.25		0.608439
299.375		0.608439
299.5		0.608439
299.625		0.608439
299.75		0.608439
299.875		0.608439
300		0.608439
300.125		0.613374
300.25		0.613374
300.375		0.613374
300.5		0.613374
300.625		0.613374
300.75		0.613374
300.875		0.613374
301		0.613374
301.125		0.616678
301.25		0.616678
301.375		0.616678
301.5		0.616678
301.625		0.616678
301.75		0.616678
301.875		0.616678
302		0.616678
302.125		0.617061
302.25		0.617061
302.375		0.617061
302.5		0.617061
302.625		0.617061
302.75		0.617061
302.875		0.617061
303		0.617061
303.125		0.620414
303.25		0.620414
303.375		0.620414
303.5		0.620414
303.625		0.620414
303.75		0.620414
303.875		0.620414
304		0.620414
304.125		0.627491
304.25		0.627491
304.375		0.627491
304.5		0.627491
304.625		0.627491
304.75		0.627491
304.875		0.627491
305		0.627491
305.125		0.628213
305.25		0.628213
305.375		0.628213
305.5		0.628213
305.625		0.628213
305.75		0.628213
305.875		0.628213
306		0.628213
306.125		0.62906
306.25		0.62906
306.375		0.62906
306.5		0.62906
306.625		0.62906
306.75		0.62906
306.875		0.62906
307		0.62906
307.125		0.630055
307.25		0.630055
307.375		0.630055
307.5		0.630055
307.625		0.630055
307.75		0.630055
307.875		0.630055
308		0.630055
308.125		0.633306
308.25		0.633306
308.375		0.633306
308.5		0.633306
308.625		0.633306
308.75		0.633306
308.875		0.633306
309		0.633306
309.125		0.634322
309.25		0.634322
309.375		0.634322
309.5		0.634322
309.625		0.634322
309.75		0.634322
309.875		0.634322
310		0.634322
310.125		0.638662
310.25		0.638662
310.375		0.638662
310.5		0.638662
310.625		0.638662
310.75		0.638662
310.875		0.638662
311		0.638662
311.125		0.639472
311.25		0.639472
311.375		0.639472
311.5		0.639472
311.625		0.639472
311.75		0.639472
311.875		0.639472
312		0.639472
312.125		0.644227
312.25		0.644227
312.375		0.644227
312.5		0.644227
312.625		0.644227
312.75		0.644227
312.875		0.644227
313		0.644227
313.125		0.64463
313.25		0.64463
313.375		0.64463
313.5		0.64463
313.625		0.64463
313.75		0.64463
313.875		0.64463
314		0.64463
314.125		0.646994
314.25		0.646994
314.375		0.646994
314.5		0.646994
314.625		0.646994
314.75		0.646994
314.875		0.646994
315		0.646994
315.125		0.647672
315.25		0.647672
315.375		0.647672
315.5		0.647672
315.625		0.647672
315.75		0.647672
315.875		0.647672
316		0.647672
316.125		0.651015
316.25		0.651015
316.375		0.651015
316.5		0.651015
316.625		0.651015
316.75		0.651015
316.875		0.651015
317		0.651015
317.125		0.654596
317.25		0.654596
317.375		0.654596
317.5		0.654596
317.625		0.654596
317.75		0.654596
317.875		0.654596
318		0.654596
318.125		0.656511
318.25		0.656511
318.375		0.656511
318.5		0.656511
318.625		0.656511
318.75		0.656511
318.875		0.656511
319		0.656511
319.125		0.657351
319.25		0.657351
319.375		0.657351
319.5		0.657351
319.625		0.657351
319.75		0.657351
319.875		0.657351
320		0.657351
320.125		0.65799
320.25		0.65799
320.375		0.65799
320.5		0.65799
320.625		0.65799
320.75		0.65799
320.875		0.65799
321		0.65799
321.125		0.663006
321.25		0.663006
321.375		0.663006
321.5		0.663006
321.625		0.663006
321.75		0.663006
321.875		0.663006
322		0.663006
322.125		0.664907
322.25		0.664907
322.375		0.664907
322.5		0.664907
322.625		0.664907
322.75		0.664907
322.875		0.664907
323		0.664907
323.125		0.665476
323.25		0.665476
323.375		0.665476
323.5		0.665476
323.625		0.665476
323.75		0.665476
323.875		0.665476
324		0.665476
324.125		0.666787
324.25		0.666787
324.375		0.666787
324.5		0.666787
324.625		0.666787
324.75		0.666787
324.875		0.666787
325		0.666787
325.125		0.670232
325.25		0.670232
325.375		0.670232
325.5		0.670232
325.625		0.670232
325.75		0.670232
325.875		0.670232
326		0.670232
326.125		0.67249
326.25		0.67249
326.375		0.67249
326.5		0.67249
326.625		0.67249
326.75		0.67249
326.875		0.67249
327		0.67249
327.125		0.674061
327.25		0.674061
327.375		0.674061
327.5		0.674061
327.625		0.674061
327.75		0.674061
327.875		0.674061
328		0.674061
328.125		0.675288
328.25		0.675288
328.375		0.675288
328.5		0.675288
328.625		0.675288
328.75		0.675288
328.875		0.675288
329		0.675288
329.125		0.677353
329.25		0.677353
329.375		0.677353
329.5		0.677353
329.625		0.677353
329.75		0.677353
329.875		0.677353
330		0.677353
330.125		0.683376
330.25		0.683376
330.375		0.683376
330.5		0.683376
330.625		0.683376
330.75		0.683376
330.875		0.683376
331		0.683376
331.125		0.683893
331.25		0.683893
331.375		0.683893
331.5		0.683893
331.625		0.683893
331.75		0.683893
331.875		0.683893
332		0.683893
332.125		0.684646
332.25		0.684646
332.375		0.684646
332.5		0.684646
332.625		0.684646
332.75		0.684646
332.875		0.684646
333		0.684646
333.125		0.687275
333.25		0.687275
333.375		0.687275
333.5		0.687275
333.625		0.687275
333.75		0.687275
333.875		0.687275
334		0.687275
334.125		0.692596
334.25		0.692596
334.375		0.692596
334.5		0.692596
334.625		0.692596
334.75		0.692596
334.875		0.692596
335		0.692596
335.125		0.694118
335.25		0.694118
335.375		0.694118
335.5		0.694118
335.625		0.694118
335.75		0.694118
335.875		0.694118
336		0.694118
336.125		0.695066
336.25		0.695066
336.375		0.695066
336.5		0.695066
336.625		0.695066
336.75		0.695066
336.875		0.695066
337		0.695066
337.125		0.695514
337.25		0.695514
337.375		0.695514
337.5		0.695514
337.625		0.695514
337.75		0.695514
337.875		0.695514
338		0.695514
338.125		0.69855
338.25		0.69855
338.375		0.69855
338.5		0.69855
338.625		0.69855
338.75		0.69855
338.875		0.69855
339		0.69855
339.125		0.701109
339.25		0.701109
339.375		0.701109
339.5		0.701109
339.625		0.701109
339.75		0.701109
339.875		0.701109
340		0.701109
340.125		0.701933
340.25		0.701933
340.375		0.701933
340.5		0.701933
340.625		0.701933
340.75		0.701933
340.875		0.701933
341		0.701933
341.125		0.705191
341.25		0.705191
341.375		0.705191
341.5		0.705191
341.625		0.705191
341.75		0.705191
341.875		0.705191
342		0.705191
342.125		0.70664
342.25		0.70664
342.375		0.70664
342.5		0.70664
342.625		0.70664
342.75		0.70664
342.875		0.70664
343		0.70664
343.125		0.712179
343.25		0.712179
343.375		0.712179
343.5		0.712179
343.625		0.712179
343.75		0.712179
343.875		0.712179
344		0.712179
344.125		0.712594
344.25		0.712594
344.375		0.712594
344.5		0.712594
344.625		0.712594
344.75		0.712594
344.875		0.712594
345		0.712594
345.125		0.713314
345.25		0.713314
345.375		0.713314
345.5		0.713314
345.625		0.713314
345.75		0.713314
345.875		0.713314
346		0.713314
346.125		0.714337
346.25		0.714337
346.375		0.714337
346.5		0.714337
346.625		0.714337
346.75		0.714337
346.875		0.714337
347		0.714337
347.125		0.718336
347.25		0.718336
347.375		0.718336
347.5		0.718336
347.625		0.718336
347.75		0.718336
347.875		0.718336
348		0.718336
348.125		0.722125
348.25		0.722125
348.375		0.722125
348.5		0.722125
348.625		0.722125
348.75		0.722125
348.875		0.722125
349		0.722125
349.125		0.723408
349.25		0.723408
349.375		0.723408
349.5		0.723408
349.625		0.723408
349.75		0.723408
349.875		0.723408
350		0.723408
350.125		0.725134
350.25		0.725134
350.375		0.725134
350.5		0.725134
350.625		0.725134
350.75		0.725134
350.875		0.725134
351		0.725134
351.125		0.729796
351.25		0.729796
351.375		0.729796
351.5		0.729796
351.625		0.729796
351.75		0.729796
351.875		0.729796
352		0.729796
352.125		0.731291
352.25		0.731291
352.375		0.731291
352.5		0.731291
352.625		0.731291
352.75		0.731291
352.875		0.731291
353		0.731291
353.125		0.735072
353.25		0.735072
353.375		0.735072
353.5		0.735072
353.625		0.735072
353.75		0.735072
353.875		0.735072
354		0.735072
354.125		0.739382
354.25		0.739382
354.375		0.739382
354.5		0.739382
354.625		0.739382
354.75		0.739382
354.875		0.739382
355		0.739382
355.125		0.739744
355.25		0.739744
355.375		0.739744
355.5		0.739744
355.625		0.739744
355.75		0.739744
355.875		0.739744
356		0.739744
356.125		0.740102
356.25		0.740102
356.375		0.740102
356.5		0.740102
356.625		0.740102
356.75		0.740102
356.875		0.740102
357		0.740102
357.125		0.74691
357.25		0.74691
357.375		0.74691
357.5		0.74691
357.625		0.74691
357.75		0.74691
357.875		0.74691
358		0.74691
358.125		0.747319
358.25		0.747319
358.375		0.747319
358.5		0.747319
358.625		0.747319
358.75		0.747319
358.875		0.747319
359		0.747319
359.125		0.747417
359.25		0.747417
359.375		0.747417
359.5		0.747417
359.625		0.747417
359.75		0.747417
359.875		0.747417
360		0.747417
360.125		0.74935
360.25		0.74935
360.375		0.74935
360.5		0.74935
360.625		0.74935
360.75		0.74935
360.875		0.74935
361		0.74935
361.125		0.749993
361.25		0.749993
361.375		0.749993
361.5		0.749993
361.625		0.749993
361.75		0.749993
361.875		0.749993
362		0.749993
362.125		0.755076
362.25		0.755076
362.375		0.755076
362.5		0.755076
362.625		0.755076
362.75		0.755076
362.875		0.755076
363		0.755076
363.125		0.758293
363.25		0.758293
363.375		0.758293
363.5		0.758293
363.625		0.758293
363.75		0.758293
363.875		0.758293
364		0.758293
364.125		0.758791
364.25		0.758791
364.375		0.758791
364.5		0.758791
364.625		0.758791
364.75		0.758791
364.875		0.758791
365		0.758791
365.125		0.76013
365.25		0.76013
365.375		0.76013
365.5		0.76013
365.625		0.76013
365.75		0.76013
365.875		0.76013
366		0.76013
366.125		0.762104
366.25		0.762104
366.375		0.762104
366.5		0.762104
366.625		0.762104
366.75		0.762104
366.875		0.762104
367		0.762104
367.125		0.764468
367.25		0.764468
367.375		0.764468
367.5		0.764468
367.625		0.764468
367.75		0.764468
367.875		0.764468
368		0.764468
368.125		0.76504
368.25		0.76504
368.375		0.76504
368.5		0.76504
368.625		0.76504
368.75		0.76504
368.875		0.76504
369		0.76504
369.125		0.771883
369.25		0.771883
369.375		0.771883
369.5		0.771883
369.625		0.771883
369.75		0.771883
369.875		0.771883
370		0.771883
370.125		0.772457
370.25		0.772457
370.375		0.772457
370.5		0.772457
370.625		0.772457
370.75		0.772457
370.875		0.772457
371		0.772457
371.125		0.773973
371.25		0.773973
371.375		0.773973
371.5		0.773973
371.625		0.773973
371.75		0.773973
371.875		0.773973
372		0.773973
372.125		0.776091
372.25		0.776091
372.375		0.776091
372.5		0.776091
372.625		0.776091
372.75		0.776091
372.875		0.776091
373		0.776091
373.125		0.776219
373.25		0.776219
373.375		0.776219
373.5		0.776219
373.625		0.776219
373.75		0.776219
373.875		0.776219
374		0.776219
374.125		0.778651
374.25		0.778651
374.375		0.778651
374.5		0.778651
374.625		0.778651
374.75		0.778651
374.875		0.778651
375		0.778651
375.125		0.783052
375.25		0.783052
375.375		0.783052
375.5		0.783052
375.625		0.783052
375.75		0.783052
375.875		0.783052
376		0.783052
376.125		0.787634
376.25		0.787634
376.375		0.787634
376.5		0.787634
376.625		0.787634
376.75		0.787634
376.875		0.787634
377		0.787634
377.125		0.790428
377.25		0.790428
377.375		0.790428
377.5		0.790428
377.625		0.790428
377.75		0.790428
377.875		0.790428
378		0.790428
378.125		0.790898
378.25		0.790898
378.375		0.790898
378.5		0.790898
378.625		0.790898
378.75		0.790898
378.875		0.790898
379		0.790898
379.125		0.794046
379.25		0.794046
379.375		0.794046
379.5		0.794046
379.625		0.794046
379.75		0.794046
379.875		0.794046
380		0.794046
380.125		0.798689
380.25		0.798689
380.375		0.798689
380.5		0.798689
380.625		0.798689
380.75		0.798689
380.875		0.798689
381		0.798689
381.125		0.79919
381.25		0.79919
381.375		0.79919
381.5		0.79919
381.625		0.79919
381.75		0.79919
381.875		0.79919
382		0.79919
382.125		0.803609
382.25		0.803609
382.375		0.803609
382.5		0.803609
382.625		0.803609
382.75		0.803609
382.875		0.803609
383		0.803609
383.125		0.80375
383.25		0.80375
383.375		0.80375
383.5		0.80375
383.625		0.80375
383.75		0.80375
383.875		0.80375
384		0.80375
384.125		0.810511
384.25		0.810511
384.375		0.810511
384.5		0.810511
384.625		0.810511
384.75		0.810511
384.875		0.810511
385		0.810511
385.125		0.811478
385.25		0.811478
385.375		0.811478
385.5		0.811478
385.625		0.811478
385.75		0.811478
385.875		0.811478
386		0.811478
386.125		0.812636
386.25		0.812636
386.375		0.812636
386.5		0.812636
386.625		0.812636
386.75		0.812636
386.875		0.812636
387		0.812636
387.125		0.813698
387.25		0.813698
387.375		0.813698
387.5		0.813698
387.625		0.813698
387.75		0.813698
387.875		0.813698
388		0.813698
388.125		0.816272
388.25		0.816272
388.375		0.816272
388.5		0.816272
388.625		0.816272
388.75		0.816272
388.875		0.816272
389		0.816272
389.125		0.81944
389.25		0.81944
389.375		0.81944
389.5		0.81944
389.625		0.81944
389.75		0.81944
389.875		0.81944
390		0.81944
390.125		0.820166
390.25		0.820166
390.375		0.820166
390.5		0.820166
390.625		0.820166
390.75		0.820166
390.875		0.820166
391		0.820166
391.125		0.822024
391.25		0.822024
391.375		0.822024
391.5		0.822024
391.625		0.822024
391.75		0.822024
391.875		0.822024
392		0.822024
392.125		0.825825
392.25		0.825825
392.375		0.825825
392.5		0.825825
392.625		0.825825
392.75		0.825825
392.875		0.825825
393		0.825825
393.125		0.826865
393.25		0.826865
393.375		0.826865
393.5		0.826865
393.625		0.826865
393.75		0.826865
393.875		0.826865
394		0.826865
394.125		0.829901
394.25		0.829901
394.375		0.829901
394.5		0.829901
394.625		0.829901
394.75		0.829901
394.875		0.829901
395		0.829901
395.125		0.830875
395.25		0.830875
395.375		0.830875
395.5		0.830875
395.625		0.830875
395.75		0.830875
395.875		0.830875
396		0.830875
396.125		0.83348
396.25		0.83348
396.375		0.83348
396.5		0.83348
396.625		0.83348
396.75		0.83348
396.875		0.83348
397		0.83348
397.125		0.838105
397.25		0.838105
397.375		0.838105
397.5		0.838105
397.625		0.838105
397.75		0.838105
397.875		0.838105
398		0.838105
398.125		0.838408
398.25		0.838408
398.375		0.838408
398.5		0.838408
398.625		0.838408
398.75		0.838408
398.875		0.838408
399		0.838408
399.125		0.840152
399.25		0.840152
399.375		0.840152
399.5		0.840152
399.625		0.840152
399.75		0.840152
399.875		0.840152
400		0.840152
400.125		0.842958
400.25		0.842958
400.375		0.842958
400.5		0.842958
400.625		0.842958
400.75		0.842958
400.875		0.842958
401		0.842958
401.125		0.844661
401.25		0.844661
401.375		0.844661
401.5		0.844661
401.625		0.844661
401.75		0.844661
401.875		0.844661
402		0.844661
402.125		0.846407
402.25		0.846407
402.375		0.846407
402.5		0.846407
402.625		0.846407
402.75		0.846407
402.875		0.846407
403		0.846407
403.125		0.850061
403.25		0.850061
403.375		0.850061
403.5		0.850061
403.625		0.850061
403.75		0.850061
403.875		0.850061
404		0.850061
404.125		0.850438
404.25		0.850438
404.375		0.850438
404.5		0.850438
404.625		0.850438
404.75		0.850438
404.875		0.850438
405		0.850438
405.125		0.851087
405.25		0.851087
405.375		0.851087
405.5		0.851087
405.625		0.851087
405.75		0.851087
405.875		0.851087
406		0.851087
406.125		0.855197
406.25		0.855197
406.375		0.855197
406.5		0.855197
406.625		0.855197
406.75		0.855197
406.875		0.855197
407		0.855197
407.125		0.856322
407.25		0.856322
407.375		0.856322
407.5		0.856322
407.625		0.856322
407.75		0.856322
407.875		0.856322
408		0.856322
408.125		0.858457
408.25		0.858457
408.375		0.858457
408.5		0.858457
408.625		0.858457
408.75		0.858457
408.875		0.858457
409		0.858457
409.125		0.860121
409.25		0.860121
409.375		0.860121
409.5		0.860121
409.625		0.860121
409.75		0.860121
409.875		0.860121
410		0.860121
410.125		0.863649
410.25		0.863649
410.375		0.863649
410.5		0.863649
410.625		0.863649
410.75		0.863649
410.875		0.863649
411		0.863649
411.125		0.863916
411.25		0.863916
411.375		0.863916
411.5		0.863916
411.625		0.863916
411.75		0.863916
411.875		0.863916
412		0.863916
412.125		0.867013
412.25		0.867013
412.375		0.867013
412.5		0.867013
412.625		0.867013
412.75		0.867013
412.875		0.867013
413		0.867013
413.125		0.86823
413.25		0.86823
413.375		0.86823
413.5		0.86823
413.625		0.86823
413.75		0.86823
413.875		0.86823
414		0.86823
414.125		0.872314
414.25		0.872314
414.375		0.872314
414.5		0.872314
414.625		0.872314
414.75		0.872314
414.875		0.872314
415		0.872314
415.125		0.87447
415.25		0.87447
415.375		0.87447
415.5		0.87447
415.625		0.87447
415.75		0.87447
415.875		0.87447
416		0.87447
416.125		0.875765
416.25		0.875765
416.375		0.875765
416.5		0.875765
416.625		0.875765
416.75		0.875765
416.875		0.875765
417		0.875765
417.125		0.876043
417.25		0.876043
417.375		0.876043
417.5		0.876043
417.625		0.876043
417.75		0.876043
417.875		0.876043
418		0.876043
418.125		0.881887
418.25		0.881887
418.375		0.881887
418.5		0.881887
418.625		0.881887
418.75		0.881887
418.875		0.881887
419		0.881887
419.125		0.882949
419.25		0.882949
419.375		0.882949
419.5		0.882949
419.625		0.882949
419.75		0.882949
419.875		0.882949
420		0.882949
420.125		0.884066
420.25		0.884066
420.375		0.884066
420.5		0.884066
420.625		0.884066
420.75		0.884066
420.875		0.884066
421		0.884066
421.125		0.888388
421.25		0.888388
421.375		0.888388
421.5		0.888388
421.625		0.888388
421.75		0.888388
421.875		0.888388
422		0.888388
422.125		0.888726
422.25		0.888726
422.375		0.888726
422.5		0.888726
422.625		0.888726
422.75		0.888726
422.875		0.888726
423		0.888726
423.125		0.891719
423.25		0.891719
423.375		0.891719
423.5		0.891719
423.625		0.891719
423.75		0.891719
423.875		0.891719
424		0.891719
424.125		0.892676
424.25		0.892676
424.375		0.892676
424.5		0.892676
424.625		0.892676
424.75		0.892676
424.875		0.892676
425		0.892676
425.125		0.896373
425.25		0.896373
425.375		0.896373
425.5		0.896373
425.625		0.896373
425.75		0.896373
425.875		0.896373
426		0.896373
426.125		0.897366
426.25		0.897366
426.375		0.897366
426.5		0.897366
426.625		0.897366
426.75		0.897366
426.875		0.897366
427		0.897366
427.125		0.899702
427.25		0.899702
427.375		0.899702
427.5		0.899702
427.625		0.899702
427.75		0.899702
427.875		0.899702
428		0.899702
428.125		0.901739
428.25		0.901739
428.375		0.901739
428.5		0.901739
428.625		0.901739
428.75		0.901739
428.875		0.901739
429		0.901739
429.125		0.905889
429.25		0.905889
429.375		0.905889
429.5		0.905889
429.625		0.905889
429.75		0.905889
429.875		0.905889
430		0.905889
430.125		0.906191
430.25		0.906191
430.375		0.906191
430.5		0.906191
430.625		0.906191
430.75		0.906191
430.875		0.906191
431		0.906191
431.125		0.907493
431.25		0.907493
431.375		0.907493
431.5		0.907493
431.625		0.907493
431.75		0.907493
431.875		0.907493
432		0.907493
432.125		0.911587
432.25		0.911587
432.375		0.911587
432.5		0.911587
432.625		0.911587
432.75		0.911587
432.875		0.911587
433		0.911587
433.125		0.912079
433.25		0.912079
433.375		0.912079
433.5		0.912079
433.625		0.912079
433.75		0.912079
433.875		0.912079
434		0.912079
434.125		0.913847
434.25		0.913847
434.375		0.913847
434.5		0.913847
434.625		0.913847
434.75		0.913847
434.875		0.913847
435		0.913847
435.125		0.91609
435.25		0.91609
435.375		0.91609
435.5		0.91609
435.625		0.91609
435.75		0.91609
435.875		0.91609
436		0.91609
436.125		0.918454
436.25		0.918454
436.375		0.918454
436.5		0.918454
436.625		0.918454
436.75		0.918454
436.875		0.918454
437		0.918454
437.125		0.919447
437.25		0.919447
437.375		0.919447
437.5		0.919447
437.625		0.919447
437.75		0.919447
437.875		0.919447
438		0.919447
438.125		0.92159
438.25		0.92159
438.375		0.92159
438.5		0.92159
438.625		0.92159
438.75		0.92159
438.875		0.92159
439		0.92159
439.125		0.922963
439.25		0.922963
439.375		0.922963
439.5		0.922963
439.625		0.922963
439.75		0.922963
439.875		0.922963
440		0.922963
440.125		0.926337
440.25		0.926337
440.375		0.926337
440.5		0.926337
440.625		0.926337
440.75		0.926337
440.875		0.926337
441		0.926337
441.125		0.929348
441.25		0.929348
441.375		0.929348
441.5		0.929348
441.625		0.929348
441.75		0.929348
441.875		0.929348
442		0.929348
442.125		0.93039
442.25		0.93039
442.375		0.93039
442.5		0.93039
442.625		0.93039
442.75		0.93039
442.875		0.93039
443		0.93039
443.125		0.931131
443.25		0.931131
443.375		0.931131
443.5		0.931131
443.625		0.931131
443.75		0.931131
443.875		0.931131
444		0.931131
444.125		0.934248
444.25		0.934248
444.375		0.934248
444.5		0.934248
444.625		0.934248
444.75		0.934248
444.875		0.934248
445		0.934248
445.125		0.938588
445.25		0.938588
445.375		0.938588
445.5		0.938588
445.625		0.938588
445.75		0.938588
445.875		0.938588
446		0.938588
446.125		0.938908
446.25		0.938908
446.375		0.938908
446.5		0.938908
446.625		0.938908
446.75		0.938908
446.875		0.938908
447		0.938908
447.125		0.939335
447.25		0.939335
447.375		0.939335
447.5		0.939335
447.625		0.939335
447.75		0.939335
447.875		0.939335
448		0.939335
448.125		0.944156
448.25		0.944156
448.375		0.944156
448.5		0.944156
448.625		0.944156
448.75		0.944156
448.875		0.944156
449		0.944156
449.125		0.946369
449.25		0.946369
449.375		0.946369
449.5		0.946369
449.625		0.946369
449.75		0.946369
449.875		0.946369
450		0.946369
450.125		0.949511
450.25		0.949511
450.375		0.949511
450.5		0.949511
450.625		0.949511
450.75		0.949511
450.875		0.949511
451		0.949511
451.125		0.951355
451.25		0.951355
451.375		0.951355
451.5		0.951355
451.625		0.951355
451.75		0.951355
451.875		0.951355
452		0.951355
452.125		0.951637
452.25		0.951637
452.375		0.951637
452.5		0.951637
452.625		0.951637
452.75		0.951637
452.875		0.951637
453		0.951637
453.125		0.955076
453.25		0.955076
453.375		0.955076
453.5		0.955076
453.625		0.955076
453.75		0.955076
453.875		0.955076
454		0.955076
454.125		0.95837
454.25		0.95837
454.375		0.95837
454.5		0.95837
454.625		0.95837
454.75		0.95837
454.875		0.95837
455		0.95837
455.125		0.96009
455.25		0.96009
455.375		0.96009
455.5		0.96009
455.625		0.96009
455.75		0.96009
455.875		0.96009
456		0.96009
456.125		0.960743
456.25		0.960743
456.375		0.960743
456.5		0.960743
456.625		0.960743
456.75		0.960743
456.875		0.960743
457		0.960743
457.125		0.964338
457.25		0.964338
457.375		0.964338
457.5		0.964338
457.625		0.964338
457.75		0.964338
457.875		0.964338
458		0.964338
458.125		0.966721
458.25		0.966721
458.375		0.966721
458.5		0.966721
458.625		0.966721
458.75		0.966721
458.875		0.966721
459		0.966721
459.125		0.967509
459.25		0.967509
459.375		0.967509
459.5		0.967509
459.625		0.967509
459.75		0.967509
459.875		0.967509
460		0.967509
460.125		0.970105
460.25		0.970105
460.375		0.970105
460.5		0.970105
460.625		0.970105
460.75		0.970105
460.875		0.970105
461		0.970105
461.125		0.971295
461.25		0.971295
461.375		0.971295
461.5		0.971295
461.625		0.971295
461.75		0.971295
461.875		0.971295
462		0.971295
462.125		0.977162
462.25		0.977162
462.375		0.977162
462.5		0.977162
462.625		0.977162
462.75		0.977162
462.875		0.977162
463		0.977162
463.125		0.977508
463.25		0.977508
463.375		0.977508
463.5		0.977508
463.625		0.977508
463.75		0.977508
463.875		0.977508
464		0.977508
464.125		0.978012
464.25		0.978012
464.375		0.978012
464.5		0.978012
464.625		0.978012
464.75		0.978012
464.875		0.978012
465		0.978012
465.125		0.979964
465.25		0.979964
465.375		0.979964
465.5		0.979964
465.625		0.979964
465.75		0.979964
465.875		0.979964
466		0.979964
466.125		0.9848
466.25		0.9848
466.375		0.9848
466.5		0.9848
466.625		0.9848
466.75		0.9848
466.875		0.9848
467		0.9848
467.125		0.985541
467.25		0.985541
467.375		0.985541
467.5		0.985541
467.625		0.985541
467.75		0.985541
467.875		0.985541
468		0.985541
468.125		0.989846
468.25		0.989846
468.375		0.989846
468.5		0.989846
468.625		0.989846
468.75		0.989846
468.875		0.989846
469		0.989846
469.125		0.990738
469.25		0.990738
469.375		0.990738
469.5		0.990738
469.625		0.990738
469.75		0.990738
469.875		0.990738
470		0.990738
470.125		0.991812
470.25		0.991812
470.375		0.991812
470.5		0.991812
470.625		0.991812
470.75		0.991812
470.875		0.991812
471		0.991812
471.125		0.995218
471.25		0.995218
471.375		0.995218
471.5		0.995218
471.625		0.995218
471.75		0.995218
471.875		0.995218
472		0.995218
472.125		0.996091
472.25		0.996091
472.375		0.996091
472.5		0.996091
472.625		0.996091
472.75		0.996091
472.875		0.996091
473		0.996091
473.125		0.997609
473.25		0.997609
473.375		0.997609
473.5		0.997609
473.625		0.997609
473.75		0.997609
473.875		0.997609
474		0.997609
474.125		0.998297
474.25		0.998297
474.375		0.998297
474.5		0.998297
474.625		0.998297
474.75		0.998297
474.875		0.998297
475		0.998297
475.125		0.999992
475.25		0.999992
475.375		0.999992
475.5		0.999992
475.625		0.999992
475.75		0.999992
475.875		0.999992
476		0.999992
476.125		1
476.25		1
476.375		1
476.5		1
476.625		1
476.75		1
476.875		1
477		1
477.125		1
477.25		1
477.375		1
477.5		1
477.625		1
477.75		1
477.875		1
478		1
478.125		1
478.25		1
478.375		1
478.5		1
478.625		1
478.75		1
478.875		1
479		1
479.125		1
479.25		1
479.375		1
479.5		1
479.625		1
479.75		1
479.875		1
480		1
480.125		1
480.25		1
480.375		1
480.5		1
480.625		1
480.75		1
480.875		1
481		1
481.125		1
481.25		1
481.375		1
481.5		1
481.625		1
481.75		1
481.875		1
482		1
482.125		1
482.25		1
482.375		1
482.5		1
482.625		1
482.75		1
482.875		1
483		1
483.125		1
483.25		1
483.375		1
483.5		1
483.625		1
483.75		1
483.875		1
484		1
484.125		1
484.25		1
484.375		1
484.5		1
484.625		1
484.75		1
484.875		1
485		1
485.125		1
485.25		1
485.375		1
485.5		1
485.625		1
485.75		1
485.875		1
486		1
486.125		1
486.25		1
486.375		1
486.5		1
486.625		1
486.75		1
486.875		1
487		1
487.125		1
487.25		1
487.375		1
487.5		1
487.625		1
487.75		1
487.875		1
488		1
488.125		1
488.25		1
488.375		1
488.5		1
488.625		1
488.75		1
488.875		1
489		1
489.125		1
489.25		1
489.375		1
489.5		1
489.625		1
489.75		1
489.875		1
490		1
490.125		1
490.25		1
490.375		1
490.5		1
490.625		1
490.75		1
490.875		1
491		1
491.125		1
491.25		1
491.375		1
491.5		1
491.625		1
491.75		1
491.875		1
492		1
492.125		1
492.25		1
492.375		1
492.5		1
492.625		1
492.75		1
492.875		1
493		1
493.125		1
493.25		1
493.375		1
493.5		1
493.625		1
493.75		1
493.875		1
494		1
494.125		1
494.25		1
494.375		1
494.5		1
494.625		1
494.75		1
494.875		1
495		1
495.125		1
495.25		1
495.375		1
495.5		1
495.625		1
495.75		1
495.875		1
496		1
496.125		1
496.25		1
496.375		1
496.5		1
496.625		1
496.75		1
496.875		1
497		1
497.125		1
497.25		1
497.375		1
497.5		1
497.625		1
497.75		1
497.875		1
498		1
498.125		1
498.25		1
498.375		1
498.5		1
498.625		1
498.75		1
498.875		1
499		1
499.125		1
499.25		1
499.375		1
499.5		1
499.625		1
499.75		1
499.875		1
500		1
