# Calibration file of tamex_id 0 @ channel 11
# fine_T bin		 Calibration value
0.125		0
0.25		0
0.375		0
0.5		0
0.625		0
0.75		0
0.875		0
1		0
1.125		0
1.25		0
1.375		0
1.5		0
1.625		0
1.75		0
1.875		0
2		0
2.125		0
2.25		0
2.375		0
2.5		0
2.625		0
2.75		0
2.875		0
3		0
3.125		0
3.25		0
3.375		0
3.5		0
3.625		0
3.75		0
3.875		0
4		0
4.125		0
4.25		0
4.375		0
4.5		0
4.625		0
4.75		0
4.875		0
5		0
5.125		0
5.25		0
5.375		0
5.5		0
5.625		0
5.75		0
5.875		0
6		0
6.125		0
6.25		0
6.375		0
6.5		0
6.625		0
6.75		0
6.875		0
7		0
7.125		0
7.25		0
7.375		0
7.5		0
7.625		0
7.75		0
7.875		0
8		0
8.125		0
8.25		0
8.375		0
8.5		0
8.625		0
8.75		0
8.875		0
9		0
9.125		0
9.25		0
9.375		0
9.5		0
9.625		0
9.75		0
9.875		0
10		0
10.125		0
10.25		0
10.375		0
10.5		0
10.625		0
10.75		0
10.875		0
11		0
11.125		0
11.25		0
11.375		0
11.5		0
11.625		0
11.75		0
11.875		0
12		0
12.125		0
12.25		0
12.375		0
12.5		0
12.625		0
12.75		0
12.875		0
13		0
13.125		0
13.25		0
13.375		0
13.5		0
13.625		0
13.75		0
13.875		0
14		0
14.125		0
14.25		0
14.375		0
14.5		0
14.625		0
14.75		0
14.875		0
15		0
15.125		0
15.25		0
15.375		0
15.5		0
15.625		0
15.75		0
15.875		0
16		0
16.125		0.000896578
16.25		0.000896578
16.375		0.000896578
16.5		0.000896578
16.625		0.000896578
16.75		0.000896578
16.875		0.000896578
17		0.000896578
17.125		0.00777369
17.25		0.00777369
17.375		0.00777369
17.5		0.00777369
17.625		0.00777369
17.75		0.00777369
17.875		0.00777369
18		0.00777369
18.125		0.00802498
18.25		0.00802498
18.375		0.00802498
18.5		0.00802498
18.625		0.00802498
18.75		0.00802498
18.875		0.00802498
19		0.00802498
19.125		0.00880898
19.25		0.00880898
19.375		0.00880898
19.5		0.00880898
19.625		0.00880898
19.75		0.00880898
19.875		0.00880898
20		0.00880898
20.125		0.0172541
20.25		0.0172541
20.375		0.0172541
20.5		0.0172541
20.625		0.0172541
20.75		0.0172541
20.875		0.0172541
21		0.0172541
21.125		0.0178471
21.25		0.0178471
21.375		0.0178471
21.5		0.0178471
21.625		0.0178471
21.75		0.0178471
21.875		0.0178471
22		0.0178471
22.125		0.0185809
22.25		0.0185809
22.375		0.0185809
22.5		0.0185809
22.625		0.0185809
22.75		0.0185809
22.875		0.0185809
23		0.0185809
23.125		0.0193709
23.25		0.0193709
23.375		0.0193709
23.5		0.0193709
23.625		0.0193709
23.75		0.0193709
23.875		0.0193709
24		0.0193709
24.125		0.0237211
24.25		0.0237211
24.375		0.0237211
24.5		0.0237211
24.625		0.0237211
24.75		0.0237211
24.875		0.0237211
25		0.0237211
25.125		0.0258781
25.25		0.0258781
25.375		0.0258781
25.5		0.0258781
25.625		0.0258781
25.75		0.0258781
25.875		0.0258781
26		0.0258781
26.125		0.0275688
26.25		0.0275688
26.375		0.0275688
26.5		0.0275688
26.625		0.0275688
26.75		0.0275688
26.875		0.0275688
27		0.0275688
27.125		0.0284834
27.25		0.0284834
27.375		0.0284834
27.5		0.0284834
27.625		0.0284834
27.75		0.0284834
27.875		0.0284834
28		0.0284834
28.125		0.0332216
28.25		0.0332216
28.375		0.0332216
28.5		0.0332216
28.625		0.0332216
28.75		0.0332216
28.875		0.0332216
29		0.0332216
29.125		0.033487
29.25		0.033487
29.375		0.033487
29.5		0.033487
29.625		0.033487
29.75		0.033487
29.875		0.033487
30		0.033487
30.125		0.0345946
30.25		0.0345946
30.375		0.0345946
30.5		0.0345946
30.625		0.0345946
30.75		0.0345946
30.875		0.0345946
31		0.0345946
31.125		0.0376321
31.25		0.0376321
31.375		0.0376321
31.5		0.0376321
31.625		0.0376321
31.75		0.0376321
31.875		0.0376321
32		0.0376321
32.125		0.040535
32.25		0.040535
32.375		0.040535
32.5		0.040535
32.625		0.040535
32.75		0.040535
32.875		0.040535
33		0.040535
33.125		0.0434056
33.25		0.0434056
33.375		0.0434056
33.5		0.0434056
33.625		0.0434056
33.75		0.0434056
33.875		0.0434056
34		0.0434056
34.125		0.0445676
34.25		0.0445676
34.375		0.0445676
34.5		0.0445676
34.625		0.0445676
34.75		0.0445676
34.875		0.0445676
35		0.0445676
35.125		0.0450922
35.25		0.0450922
35.375		0.0450922
35.5		0.0450922
35.625		0.0450922
35.75		0.0450922
35.875		0.0450922
36		0.0450922
36.125		0.0494646
36.25		0.0494646
36.375		0.0494646
36.5		0.0494646
36.625		0.0494646
36.75		0.0494646
36.875		0.0494646
37		0.0494646
37.125		0.0502848
37.25		0.0502848
37.375		0.0502848
37.5		0.0502848
37.625		0.0502848
37.75		0.0502848
37.875		0.0502848
38		0.0502848
38.125		0.0519834
38.25		0.0519834
38.375		0.0519834
38.5		0.0519834
38.625		0.0519834
38.75		0.0519834
38.875		0.0519834
39		0.0519834
39.125		0.0548621
39.25		0.0548621
39.375		0.0548621
39.5		0.0548621
39.625		0.0548621
39.75		0.0548621
39.875		0.0548621
40		0.0548621
40.125		0.0574172
40.25		0.0574172
40.375		0.0574172
40.5		0.0574172
40.625		0.0574172
40.75		0.0574172
40.875		0.0574172
41		0.0574172
41.125		0.0597993
41.25		0.0597993
41.375		0.0597993
41.5		0.0597993
41.625		0.0597993
41.75		0.0597993
41.875		0.0597993
42		0.0597993
42.125		0.0623986
42.25		0.0623986
42.375		0.0623986
42.5		0.0623986
42.625		0.0623986
42.75		0.0623986
42.875		0.0623986
43		0.0623986
43.125		0.0631404
43.25		0.0631404
43.375		0.0631404
43.5		0.0631404
43.625		0.0631404
43.75		0.0631404
43.875		0.0631404
44		0.0631404
44.125		0.0649637
44.25		0.0649637
44.375		0.0649637
44.5		0.0649637
44.625		0.0649637
44.75		0.0649637
44.875		0.0649637
45		0.0649637
45.125		0.067754
45.25		0.067754
45.375		0.067754
45.5		0.067754
45.625		0.067754
45.75		0.067754
45.875		0.067754
46		0.067754
46.125		0.0725886
46.25		0.0725886
46.375		0.0725886
46.5		0.0725886
46.625		0.0725886
46.75		0.0725886
46.875		0.0725886
47		0.0725886
47.125		0.0739134
47.25		0.0739134
47.375		0.0739134
47.5		0.0739134
47.625		0.0739134
47.75		0.0739134
47.875		0.0739134
48		0.0739134
48.125		0.0750593
48.25		0.0750593
48.375		0.0750593
48.5		0.0750593
48.625		0.0750593
48.75		0.0750593
48.875		0.0750593
49		0.0750593
49.125		0.0753749
49.25		0.0753749
49.375		0.0753749
49.5		0.0753749
49.625		0.0753749
49.75		0.0753749
49.875		0.0753749
50		0.0753749
50.125		0.0781631
50.25		0.0781631
50.375		0.0781631
50.5		0.0781631
50.625		0.0781631
50.75		0.0781631
50.875		0.0781631
51		0.0781631
51.125		0.0817353
51.25		0.0817353
51.375		0.0817353
51.5		0.0817353
51.625		0.0817353
51.75		0.0817353
51.875		0.0817353
52		0.0817353
52.125		0.0848251
52.25		0.0848251
52.375		0.0848251
52.5		0.0848251
52.625		0.0848251
52.75		0.0848251
52.875		0.0848251
53		0.0848251
53.125		0.0864595
53.25		0.0864595
53.375		0.0864595
53.5		0.0864595
53.625		0.0864595
53.75		0.0864595
53.875		0.0864595
54		0.0864595
54.125		0.0885944
54.25		0.0885944
54.375		0.0885944
54.5		0.0885944
54.625		0.0885944
54.75		0.0885944
54.875		0.0885944
55		0.0885944
55.125		0.0893462
55.25		0.0893462
55.375		0.0893462
55.5		0.0893462
55.625		0.0893462
55.75		0.0893462
55.875		0.0893462
56		0.0893462
56.125		0.0901041
56.25		0.0901041
56.375		0.0901041
56.5		0.0901041
56.625		0.0901041
56.75		0.0901041
56.875		0.0901041
57		0.0901041
57.125		0.092241
57.25		0.092241
57.375		0.092241
57.5		0.092241
57.625		0.092241
57.75		0.092241
57.875		0.092241
58		0.092241
58.125		0.0986698
58.25		0.0986698
58.375		0.0986698
58.5		0.0986698
58.625		0.0986698
58.75		0.0986698
58.875		0.0986698
59		0.0986698
59.125		0.0988929
59.25		0.0988929
59.375		0.0988929
59.5		0.0988929
59.625		0.0988929
59.75		0.0988929
59.875		0.0988929
60		0.0988929
60.125		0.0992267
60.25		0.0992267
60.375		0.0992267
60.5		0.0992267
60.625		0.0992267
60.75		0.0992267
60.875		0.0992267
61		0.0992267
61.125		0.10182
61.25		0.10182
61.375		0.10182
61.5		0.10182
61.625		0.10182
61.75		0.10182
61.875		0.10182
62		0.10182
62.125		0.10686
62.25		0.10686
62.375		0.10686
62.5		0.10686
62.625		0.10686
62.75		0.10686
62.875		0.10686
63		0.10686
63.125		0.107093
63.25		0.107093
63.375		0.107093
63.5		0.107093
63.625		0.107093
63.75		0.107093
63.875		0.107093
64		0.107093
64.125		0.107286
64.25		0.107286
64.375		0.107286
64.5		0.107286
64.625		0.107286
64.75		0.107286
64.875		0.107286
65		0.107286
65.125		0.111447
65.25		0.111447
65.375		0.111447
65.5		0.111447
65.625		0.111447
65.75		0.111447
65.875		0.111447
66		0.111447
66.125		0.114191
66.25		0.114191
66.375		0.114191
66.5		0.114191
66.625		0.114191
66.75		0.114191
66.875		0.114191
67		0.114191
67.125		0.115689
67.25		0.115689
67.375		0.115689
67.5		0.115689
67.625		0.115689
67.75		0.115689
67.875		0.115689
68		0.115689
68.125		0.117271
68.25		0.117271
68.375		0.117271
68.5		0.117271
68.625		0.117271
68.75		0.117271
68.875		0.117271
69		0.117271
69.125		0.121042
69.25		0.121042
69.375		0.121042
69.5		0.121042
69.625		0.121042
69.75		0.121042
69.875		0.121042
70		0.121042
70.125		0.121575
70.25		0.121575
70.375		0.121575
70.5		0.121575
70.625		0.121575
70.75		0.121575
70.875		0.121575
71		0.121575
71.125		0.123768
71.25		0.123768
71.375		0.123768
71.5		0.123768
71.625		0.123768
71.75		0.123768
71.875		0.123768
72		0.123768
72.125		0.126771
72.25		0.126771
72.375		0.126771
72.5		0.126771
72.625		0.126771
72.75		0.126771
72.875		0.126771
73		0.126771
73.125		0.129521
73.25		0.129521
73.375		0.129521
73.5		0.129521
73.625		0.129521
73.75		0.129521
73.875		0.129521
74		0.129521
74.125		0.129948
74.25		0.129948
74.375		0.129948
74.5		0.129948
74.625		0.129948
74.75		0.129948
74.875		0.129948
75		0.129948
75.125		0.132285
75.25		0.132285
75.375		0.132285
75.5		0.132285
75.625		0.132285
75.75		0.132285
75.875		0.132285
76		0.132285
76.125		0.132752
76.25		0.132752
76.375		0.132752
76.5		0.132752
76.625		0.132752
76.75		0.132752
76.875		0.132752
77		0.132752
77.125		0.138493
77.25		0.138493
77.375		0.138493
77.5		0.138493
77.625		0.138493
77.75		0.138493
77.875		0.138493
78		0.138493
78.125		0.138761
78.25		0.138761
78.375		0.138761
78.5		0.138761
78.625		0.138761
78.75		0.138761
78.875		0.138761
79		0.138761
79.125		0.140819
79.25		0.140819
79.375		0.140819
79.5		0.140819
79.625		0.140819
79.75		0.140819
79.875		0.140819
80		0.140819
80.125		0.144058
80.25		0.144058
80.375		0.144058
80.5		0.144058
80.625		0.144058
80.75		0.144058
80.875		0.144058
81		0.144058
81.125		0.145137
81.25		0.145137
81.375		0.145137
81.5		0.145137
81.625		0.145137
81.75		0.145137
81.875		0.145137
82		0.145137
82.125		0.145599
82.25		0.145599
82.375		0.145599
82.5		0.145599
82.625		0.145599
82.75		0.145599
82.875		0.145599
83		0.145599
83.125		0.147945
83.25		0.147945
83.375		0.147945
83.5		0.147945
83.625		0.147945
83.75		0.147945
83.875		0.147945
84		0.147945
84.125		0.151823
84.25		0.151823
84.375		0.151823
84.5		0.151823
84.625		0.151823
84.75		0.151823
84.875		0.151823
85		0.151823
85.125		0.155506
85.25		0.155506
85.375		0.155506
85.5		0.155506
85.625		0.155506
85.75		0.155506
85.875		0.155506
86		0.155506
86.125		0.155988
86.25		0.155988
86.375		0.155988
86.5		0.155988
86.625		0.155988
86.75		0.155988
86.875		0.155988
87		0.155988
87.125		0.156903
87.25		0.156903
87.375		0.156903
87.5		0.156903
87.625		0.156903
87.75		0.156903
87.875		0.156903
88		0.156903
88.125		0.1618
88.25		0.1618
88.375		0.1618
88.5		0.1618
88.625		0.1618
88.75		0.1618
88.875		0.1618
89		0.1618
89.125		0.16215
89.25		0.16215
89.375		0.16215
89.5		0.16215
89.625		0.16215
89.75		0.16215
89.875		0.16215
90		0.16215
90.125		0.164966
90.25		0.164966
90.375		0.164966
90.5		0.164966
90.625		0.164966
90.75		0.164966
90.875		0.164966
91		0.164966
91.125		0.16684
91.25		0.16684
91.375		0.16684
91.5		0.16684
91.625		0.16684
91.75		0.16684
91.875		0.16684
92		0.16684
92.125		0.169172
92.25		0.169172
92.375		0.169172
92.5		0.169172
92.625		0.169172
92.75		0.169172
92.875		0.169172
93		0.169172
93.125		0.172792
93.25		0.172792
93.375		0.172792
93.5		0.172792
93.625		0.172792
93.75		0.172792
93.875		0.172792
94		0.172792
94.125		0.173245
94.25		0.173245
94.375		0.173245
94.5		0.173245
94.625		0.173245
94.75		0.173245
94.875		0.173245
95		0.173245
95.125		0.175343
95.25		0.175343
95.375		0.175343
95.5		0.175343
95.625		0.175343
95.75		0.175343
95.875		0.175343
96		0.175343
96.125		0.176278
96.25		0.176278
96.375		0.176278
96.5		0.176278
96.625		0.176278
96.75		0.176278
96.875		0.176278
97		0.176278
97.125		0.17934
97.25		0.17934
97.375		0.17934
97.5		0.17934
97.625		0.17934
97.75		0.17934
97.875		0.17934
98		0.17934
98.125		0.182803
98.25		0.182803
98.375		0.182803
98.5		0.182803
98.625		0.182803
98.75		0.182803
98.875		0.182803
99		0.182803
99.125		0.185103
99.25		0.185103
99.375		0.185103
99.5		0.185103
99.625		0.185103
99.75		0.185103
99.875		0.185103
100		0.185103
100.125		0.185722
100.25		0.185722
100.375		0.185722
100.5		0.185722
100.625		0.185722
100.75		0.185722
100.875		0.185722
101		0.185722
101.125		0.185831
101.25		0.185831
101.375		0.185831
101.5		0.185831
101.625		0.185831
101.75		0.185831
101.875		0.185831
102		0.185831
102.125		0.193397
102.25		0.193397
102.375		0.193397
102.5		0.193397
102.625		0.193397
102.75		0.193397
102.875		0.193397
103		0.193397
103.125		0.193767
103.25		0.193767
103.375		0.193767
103.5		0.193767
103.625		0.193767
103.75		0.193767
103.875		0.193767
104		0.193767
104.125		0.193997
104.25		0.193997
104.375		0.193997
104.5		0.193997
104.625		0.193997
104.75		0.193997
104.875		0.193997
105		0.193997
105.125		0.197563
105.25		0.197563
105.375		0.197563
105.5		0.197563
105.625		0.197563
105.75		0.197563
105.875		0.197563
106		0.197563
106.125		0.20211
106.25		0.20211
106.375		0.20211
106.5		0.20211
106.625		0.20211
106.75		0.20211
106.875		0.20211
107		0.20211
107.125		0.203969
107.25		0.203969
107.375		0.203969
107.5		0.203969
107.625		0.203969
107.75		0.203969
107.875		0.203969
108		0.203969
108.125		0.204245
108.25		0.204245
108.375		0.204245
108.5		0.204245
108.625		0.204245
108.75		0.204245
108.875		0.204245
109		0.204245
109.125		0.204973
109.25		0.204973
109.375		0.204973
109.5		0.204973
109.625		0.204973
109.75		0.204973
109.875		0.204973
110		0.204973
110.125		0.210792
110.25		0.210792
110.375		0.210792
110.5		0.210792
110.625		0.210792
110.75		0.210792
110.875		0.210792
111		0.210792
111.125		0.211812
111.25		0.211812
111.375		0.211812
111.5		0.211812
111.625		0.211812
111.75		0.211812
111.875		0.211812
112		0.211812
112.125		0.211978
112.25		0.211978
112.375		0.211978
112.5		0.211978
112.625		0.211978
112.75		0.211978
112.875		0.211978
113		0.211978
113.125		0.215265
113.25		0.215265
113.375		0.215265
113.5		0.215265
113.625		0.215265
113.75		0.215265
113.875		0.215265
114		0.215265
114.125		0.218924
114.25		0.218924
114.375		0.218924
114.5		0.218924
114.625		0.218924
114.75		0.218924
114.875		0.218924
115		0.218924
115.125		0.220038
115.25		0.220038
115.375		0.220038
115.5		0.220038
115.625		0.220038
115.75		0.220038
115.875		0.220038
116		0.220038
116.125		0.222335
116.25		0.222335
116.375		0.222335
116.5		0.222335
116.625		0.222335
116.75		0.222335
116.875		0.222335
117		0.222335
117.125		0.222985
117.25		0.222985
117.375		0.222985
117.5		0.222985
117.625		0.222985
117.75		0.222985
117.875		0.222985
118		0.222985
118.125		0.225966
118.25		0.225966
118.375		0.225966
118.5		0.225966
118.625		0.225966
118.75		0.225966
118.875		0.225966
119		0.225966
119.125		0.228523
119.25		0.228523
119.375		0.228523
119.5		0.228523
119.625		0.228523
119.75		0.228523
119.875		0.228523
120		0.228523
120.125		0.231223
120.25		0.231223
120.375		0.231223
120.5		0.231223
120.625		0.231223
120.75		0.231223
120.875		0.231223
121		0.231223
121.125		0.231512
121.25		0.231512
121.375		0.231512
121.5		0.231512
121.625		0.231512
121.75		0.231512
121.875		0.231512
122		0.231512
122.125		0.233902
122.25		0.233902
122.375		0.233902
122.5		0.233902
122.625		0.233902
122.75		0.233902
122.875		0.233902
123		0.233902
123.125		0.239209
123.25		0.239209
123.375		0.239209
123.5		0.239209
123.625		0.239209
123.75		0.239209
123.875		0.239209
124		0.239209
124.125		0.241425
124.25		0.241425
124.375		0.241425
124.5		0.241425
124.625		0.241425
124.75		0.241425
124.875		0.241425
125		0.241425
125.125		0.243363
125.25		0.243363
125.375		0.243363
125.5		0.243363
125.625		0.243363
125.75		0.243363
125.875		0.243363
126		0.243363
126.125		0.243737
126.25		0.243737
126.375		0.243737
126.5		0.243737
126.625		0.243737
126.75		0.243737
126.875		0.243737
127		0.243737
127.125		0.24591
127.25		0.24591
127.375		0.24591
127.5		0.24591
127.625		0.24591
127.75		0.24591
127.875		0.24591
128		0.24591
128.125		0.248392
128.25		0.248392
128.375		0.248392
128.5		0.248392
128.625		0.248392
128.75		0.248392
128.875		0.248392
129		0.248392
129.125		0.250332
129.25		0.250332
129.375		0.250332
129.5		0.250332
129.625		0.250332
129.75		0.250332
129.875		0.250332
130		0.250332
130.125		0.252415
130.25		0.252415
130.375		0.252415
130.5		0.252415
130.625		0.252415
130.75		0.252415
130.875		0.252415
131		0.252415
131.125		0.253798
131.25		0.253798
131.375		0.253798
131.5		0.253798
131.625		0.253798
131.75		0.253798
131.875		0.253798
132		0.253798
132.125		0.258241
132.25		0.258241
132.375		0.258241
132.5		0.258241
132.625		0.258241
132.75		0.258241
132.875		0.258241
133		0.258241
133.125		0.260064
133.25		0.260064
133.375		0.260064
133.5		0.260064
133.625		0.260064
133.75		0.260064
133.875		0.260064
134		0.260064
134.125		0.260846
134.25		0.260846
134.375		0.260846
134.5		0.260846
134.625		0.260846
134.75		0.260846
134.875		0.260846
135		0.260846
135.125		0.261157
135.25		0.261157
135.375		0.261157
135.5		0.261157
135.625		0.261157
135.75		0.261157
135.875		0.261157
136		0.261157
136.125		0.264028
136.25		0.264028
136.375		0.264028
136.5		0.264028
136.625		0.264028
136.75		0.264028
136.875		0.264028
137		0.264028
137.125		0.269816
137.25		0.269816
137.375		0.269816
137.5		0.269816
137.625		0.269816
137.75		0.269816
137.875		0.269816
138		0.269816
138.125		0.270352
138.25		0.270352
138.375		0.270352
138.5		0.270352
138.625		0.270352
138.75		0.270352
138.875		0.270352
139		0.270352
139.125		0.272471
139.25		0.272471
139.375		0.272471
139.5		0.272471
139.625		0.272471
139.75		0.272471
139.875		0.272471
140		0.272471
140.125		0.272747
140.25		0.272747
140.375		0.272747
140.5		0.272747
140.625		0.272747
140.75		0.272747
140.875		0.272747
141		0.272747
141.125		0.276218
141.25		0.276218
141.375		0.276218
141.5		0.276218
141.625		0.276218
141.75		0.276218
141.875		0.276218
142		0.276218
142.125		0.280199
142.25		0.280199
142.375		0.280199
142.5		0.280199
142.625		0.280199
142.75		0.280199
142.875		0.280199
143		0.280199
143.125		0.282082
143.25		0.282082
143.375		0.282082
143.5		0.282082
143.625		0.282082
143.75		0.282082
143.875		0.282082
144		0.282082
144.125		0.282645
144.25		0.282645
144.375		0.282645
144.5		0.282645
144.625		0.282645
144.75		0.282645
144.875		0.282645
145		0.282645
145.125		0.284229
145.25		0.284229
145.375		0.284229
145.5		0.284229
145.625		0.284229
145.75		0.284229
145.875		0.284229
146		0.284229
146.125		0.289583
146.25		0.289583
146.375		0.289583
146.5		0.289583
146.625		0.289583
146.75		0.289583
146.875		0.289583
147		0.289583
147.125		0.290196
147.25		0.290196
147.375		0.290196
147.5		0.290196
147.625		0.290196
147.75		0.290196
147.875		0.290196
148		0.290196
148.125		0.292759
148.25		0.292759
148.375		0.292759
148.5		0.292759
148.625		0.292759
148.75		0.292759
148.875		0.292759
149		0.292759
149.125		0.29373
149.25		0.29373
149.375		0.29373
149.5		0.29373
149.625		0.29373
149.75		0.29373
149.875		0.29373
150		0.29373
150.125		0.298581
150.25		0.298581
150.375		0.298581
150.5		0.298581
150.625		0.298581
150.75		0.298581
150.875		0.298581
151		0.298581
151.125		0.30081
151.25		0.30081
151.375		0.30081
151.5		0.30081
151.625		0.30081
151.75		0.30081
151.875		0.30081
152		0.30081
152.125		0.303001
152.25		0.303001
152.375		0.303001
152.5		0.303001
152.625		0.303001
152.75		0.303001
152.875		0.303001
153		0.303001
153.125		0.30388
153.25		0.30388
153.375		0.30388
153.5		0.30388
153.625		0.30388
153.75		0.30388
153.875		0.30388
154		0.30388
154.125		0.305904
154.25		0.305904
154.375		0.305904
154.5		0.305904
154.625		0.305904
154.75		0.305904
154.875		0.305904
155		0.305904
155.125		0.307621
155.25		0.307621
155.375		0.307621
155.5		0.307621
155.625		0.307621
155.75		0.307621
155.875		0.307621
156		0.307621
156.125		0.310753
156.25		0.310753
156.375		0.310753
156.5		0.310753
156.625		0.310753
156.75		0.310753
156.875		0.310753
157		0.310753
157.125		0.312166
157.25		0.312166
157.375		0.312166
157.5		0.312166
157.625		0.312166
157.75		0.312166
157.875		0.312166
158		0.312166
158.125		0.316367
158.25		0.316367
158.375		0.316367
158.5		0.316367
158.625		0.316367
158.75		0.316367
158.875		0.316367
159		0.316367
159.125		0.31721
159.25		0.31721
159.375		0.31721
159.5		0.31721
159.625		0.31721
159.75		0.31721
159.875		0.31721
160		0.31721
160.125		0.317972
160.25		0.317972
160.375		0.317972
160.5		0.317972
160.625		0.317972
160.75		0.317972
160.875		0.317972
161		0.317972
161.125		0.319121
161.25		0.319121
161.375		0.319121
161.5		0.319121
161.625		0.319121
161.75		0.319121
161.875		0.319121
162		0.319121
162.125		0.324999
162.25		0.324999
162.375		0.324999
162.5		0.324999
162.625		0.324999
162.75		0.324999
162.875		0.324999
163		0.324999
163.125		0.326853
163.25		0.326853
163.375		0.326853
163.5		0.326853
163.625		0.326853
163.75		0.326853
163.875		0.326853
164		0.326853
164.125		0.32894
164.25		0.32894
164.375		0.32894
164.5		0.32894
164.625		0.32894
164.75		0.32894
164.875		0.32894
165		0.32894
165.125		0.329213
165.25		0.329213
165.375		0.329213
165.5		0.329213
165.625		0.329213
165.75		0.329213
165.875		0.329213
166		0.329213
166.125		0.330447
166.25		0.330447
166.375		0.330447
166.5		0.330447
166.625		0.330447
166.75		0.330447
166.875		0.330447
167		0.330447
167.125		0.335258
167.25		0.335258
167.375		0.335258
167.5		0.335258
167.625		0.335258
167.75		0.335258
167.875		0.335258
168		0.335258
168.125		0.335581
168.25		0.335581
168.375		0.335581
168.5		0.335581
168.625		0.335581
168.75		0.335581
168.875		0.335581
169		0.335581
169.125		0.338864
169.25		0.338864
169.375		0.338864
169.5		0.338864
169.625		0.338864
169.75		0.338864
169.875		0.338864
170		0.338864
170.125		0.339773
170.25		0.339773
170.375		0.339773
170.5		0.339773
170.625		0.339773
170.75		0.339773
170.875		0.339773
171		0.339773
171.125		0.341721
171.25		0.341721
171.375		0.341721
171.5		0.341721
171.625		0.341721
171.75		0.341721
171.875		0.341721
172		0.341721
172.125		0.346244
172.25		0.346244
172.375		0.346244
172.5		0.346244
172.625		0.346244
172.75		0.346244
172.875		0.346244
173		0.346244
173.125		0.346485
173.25		0.346485
173.375		0.346485
173.5		0.346485
173.625		0.346485
173.75		0.346485
173.875		0.346485
174		0.346485
174.125		0.34669
174.25		0.34669
174.375		0.34669
174.5		0.34669
174.625		0.34669
174.75		0.34669
174.875		0.34669
175		0.34669
175.125		0.347452
175.25		0.347452
175.375		0.347452
175.5		0.347452
175.625		0.347452
175.75		0.347452
175.875		0.347452
176		0.347452
176.125		0.352608
176.25		0.352608
176.375		0.352608
176.5		0.352608
176.625		0.352608
176.75		0.352608
176.875		0.352608
177		0.352608
177.125		0.356852
177.25		0.356852
177.375		0.356852
177.5		0.356852
177.625		0.356852
177.75		0.356852
177.875		0.356852
178		0.356852
178.125		0.35726
178.25		0.35726
178.375		0.35726
178.5		0.35726
178.625		0.35726
178.75		0.35726
178.875		0.35726
179		0.35726
179.125		0.357761
179.25		0.357761
179.375		0.357761
179.5		0.357761
179.625		0.357761
179.75		0.357761
179.875		0.357761
180		0.357761
180.125		0.362236
180.25		0.362236
180.375		0.362236
180.5		0.362236
180.625		0.362236
180.75		0.362236
180.875		0.362236
181		0.362236
181.125		0.363094
181.25		0.363094
181.375		0.363094
181.5		0.363094
181.625		0.363094
181.75		0.363094
181.875		0.363094
182		0.363094
182.125		0.363406
182.25		0.363406
182.375		0.363406
182.5		0.363406
182.625		0.363406
182.75		0.363406
182.875		0.363406
183		0.363406
183.125		0.366968
183.25		0.366968
183.375		0.366968
183.5		0.366968
183.625		0.366968
183.75		0.366968
183.875		0.366968
184		0.366968
184.125		0.371238
184.25		0.371238
184.375		0.371238
184.5		0.371238
184.625		0.371238
184.75		0.371238
184.875		0.371238
185		0.371238
185.125		0.372864
185.25		0.372864
185.375		0.372864
185.5		0.372864
185.625		0.372864
185.75		0.372864
185.875		0.372864
186		0.372864
186.125		0.373553
186.25		0.373553
186.375		0.373553
186.5		0.373553
186.625		0.373553
186.75		0.373553
186.875		0.373553
187		0.373553
187.125		0.37444
187.25		0.37444
187.375		0.37444
187.5		0.37444
187.625		0.37444
187.75		0.37444
187.875		0.37444
188		0.37444
188.125		0.379852
188.25		0.379852
188.375		0.379852
188.5		0.379852
188.625		0.379852
188.75		0.379852
188.875		0.379852
189		0.379852
189.125		0.380748
189.25		0.380748
189.375		0.380748
189.5		0.380748
189.625		0.380748
189.75		0.380748
189.875		0.380748
190		0.380748
190.125		0.384905
190.25		0.384905
190.375		0.384905
190.5		0.384905
190.625		0.384905
190.75		0.384905
190.875		0.384905
191		0.384905
191.125		0.385693
191.25		0.385693
191.375		0.385693
191.5		0.385693
191.625		0.385693
191.75		0.385693
191.875		0.385693
192		0.385693
192.125		0.390042
192.25		0.390042
192.375		0.390042
192.5		0.390042
192.625		0.390042
192.75		0.390042
192.875		0.390042
193		0.390042
193.125		0.391823
193.25		0.391823
193.375		0.391823
193.5		0.391823
193.625		0.391823
193.75		0.391823
193.875		0.391823
194		0.391823
194.125		0.392717
194.25		0.392717
194.375		0.392717
194.5		0.392717
194.625		0.392717
194.75		0.392717
194.875		0.392717
195		0.392717
195.125		0.396673
195.25		0.396673
195.375		0.396673
195.5		0.396673
195.625		0.396673
195.75		0.396673
195.875		0.396673
196		0.396673
196.125		0.398336
196.25		0.398336
196.375		0.398336
196.5		0.398336
196.625		0.398336
196.75		0.398336
196.875		0.398336
197		0.398336
197.125		0.400947
197.25		0.400947
197.375		0.400947
197.5		0.400947
197.625		0.400947
197.75		0.400947
197.875		0.400947
198		0.400947
198.125		0.401327
198.25		0.401327
198.375		0.401327
198.5		0.401327
198.625		0.401327
198.75		0.401327
198.875		0.401327
199		0.401327
199.125		0.404913
199.25		0.404913
199.375		0.404913
199.5		0.404913
199.625		0.404913
199.75		0.404913
199.875		0.404913
200		0.404913
200.125		0.406102
200.25		0.406102
200.375		0.406102
200.5		0.406102
200.625		0.406102
200.75		0.406102
200.875		0.406102
201		0.406102
201.125		0.407794
201.25		0.407794
201.375		0.407794
201.5		0.407794
201.625		0.407794
201.75		0.407794
201.875		0.407794
202		0.407794
202.125		0.412195
202.25		0.412195
202.375		0.412195
202.5		0.412195
202.625		0.412195
202.75		0.412195
202.875		0.412195
203		0.412195
203.125		0.412522
203.25		0.412522
203.375		0.412522
203.5		0.412522
203.625		0.412522
203.75		0.412522
203.875		0.412522
204		0.412522
204.125		0.413268
204.25		0.413268
204.375		0.413268
204.5		0.413268
204.625		0.413268
204.75		0.413268
204.875		0.413268
205		0.413268
205.125		0.415632
205.25		0.415632
205.375		0.415632
205.5		0.415632
205.625		0.415632
205.75		0.415632
205.875		0.415632
206		0.415632
206.125		0.418786
206.25		0.418786
206.375		0.418786
206.5		0.418786
206.625		0.418786
206.75		0.418786
206.875		0.418786
207		0.418786
207.125		0.421741
207.25		0.421741
207.375		0.421741
207.5		0.421741
207.625		0.421741
207.75		0.421741
207.875		0.421741
208		0.421741
208.125		0.423464
208.25		0.423464
208.375		0.423464
208.5		0.423464
208.625		0.423464
208.75		0.423464
208.875		0.423464
209		0.423464
209.125		0.424128
209.25		0.424128
209.375		0.424128
209.5		0.424128
209.625		0.424128
209.75		0.424128
209.875		0.424128
210		0.424128
210.125		0.428295
210.25		0.428295
210.375		0.428295
210.5		0.428295
210.625		0.428295
210.75		0.428295
210.875		0.428295
211		0.428295
211.125		0.429137
211.25		0.429137
211.375		0.429137
211.5		0.429137
211.625		0.429137
211.75		0.429137
211.875		0.429137
212		0.429137
212.125		0.430317
212.25		0.430317
212.375		0.430317
212.5		0.430317
212.625		0.430317
212.75		0.430317
212.875		0.430317
213		0.430317
213.125		0.433447
213.25		0.433447
213.375		0.433447
213.5		0.433447
213.625		0.433447
213.75		0.433447
213.875		0.433447
214		0.433447
214.125		0.435944
214.25		0.435944
214.375		0.435944
214.5		0.435944
214.625		0.435944
214.75		0.435944
214.875		0.435944
215		0.435944
215.125		0.438479
215.25		0.438479
215.375		0.438479
215.5		0.438479
215.625		0.438479
215.75		0.438479
215.875		0.438479
216		0.438479
216.125		0.439566
216.25		0.439566
216.375		0.439566
216.5		0.439566
216.625		0.439566
216.75		0.439566
216.875		0.439566
217		0.439566
217.125		0.439968
217.25		0.439968
217.375		0.439968
217.5		0.439968
217.625		0.439968
217.75		0.439968
217.875		0.439968
218		0.439968
218.125		0.44333
218.25		0.44333
218.375		0.44333
218.5		0.44333
218.625		0.44333
218.75		0.44333
218.875		0.44333
219		0.44333
219.125		0.446387
219.25		0.446387
219.375		0.446387
219.5		0.446387
219.625		0.446387
219.75		0.446387
219.875		0.446387
220		0.446387
220.125		0.44737
220.25		0.44737
220.375		0.44737
220.5		0.44737
220.625		0.44737
220.75		0.44737
220.875		0.44737
221		0.44737
221.125		0.450844
221.25		0.450844
221.375		0.450844
221.5		0.450844
221.625		0.450844
221.75		0.450844
221.875		0.450844
222		0.450844
222.125		0.453813
222.25		0.453813
222.375		0.453813
222.5		0.453813
222.625		0.453813
222.75		0.453813
222.875		0.453813
223		0.453813
223.125		0.454808
223.25		0.454808
223.375		0.454808
223.5		0.454808
223.625		0.454808
223.75		0.454808
223.875		0.454808
224		0.454808
224.125		0.459625
224.25		0.459625
224.375		0.459625
224.5		0.459625
224.625		0.459625
224.75		0.459625
224.875		0.459625
225		0.459625
225.125		0.460252
225.25		0.460252
225.375		0.460252
225.5		0.460252
225.625		0.460252
225.75		0.460252
225.875		0.460252
226		0.460252
226.125		0.461776
226.25		0.461776
226.375		0.461776
226.5		0.461776
226.625		0.461776
226.75		0.461776
226.875		0.461776
227		0.461776
227.125		0.464956
227.25		0.464956
227.375		0.464956
227.5		0.464956
227.625		0.464956
227.75		0.464956
227.875		0.464956
228		0.464956
228.125		0.466974
228.25		0.466974
228.375		0.466974
228.5		0.466974
228.625		0.466974
228.75		0.466974
228.875		0.466974
229		0.466974
229.125		0.467222
229.25		0.467222
229.375		0.467222
229.5		0.467222
229.625		0.467222
229.75		0.467222
229.875		0.467222
230		0.467222
230.125		0.470018
230.25		0.470018
230.375		0.470018
230.5		0.470018
230.625		0.470018
230.75		0.470018
230.875		0.470018
231		0.470018
231.125		0.4756
231.25		0.4756
231.375		0.4756
231.5		0.4756
231.625		0.4756
231.75		0.4756
231.875		0.4756
232		0.4756
232.125		0.475868
232.25		0.475868
232.375		0.475868
232.5		0.475868
232.625		0.475868
232.75		0.475868
232.875		0.475868
233		0.475868
233.125		0.476595
233.25		0.476595
233.375		0.476595
233.5		0.476595
233.625		0.476595
233.75		0.476595
233.875		0.476595
234		0.476595
234.125		0.477848
234.25		0.477848
234.375		0.477848
234.5		0.477848
234.625		0.477848
234.75		0.477848
234.875		0.477848
235		0.477848
235.125		0.479721
235.25		0.479721
235.375		0.479721
235.5		0.479721
235.625		0.479721
235.75		0.479721
235.875		0.479721
236		0.479721
236.125		0.486788
236.25		0.486788
236.375		0.486788
236.5		0.486788
236.625		0.486788
236.75		0.486788
236.875		0.486788
237		0.486788
237.125		0.487236
237.25		0.487236
237.375		0.487236
237.5		0.487236
237.625		0.487236
237.75		0.487236
237.875		0.487236
238		0.487236
238.125		0.487887
238.25		0.487887
238.375		0.487887
238.5		0.487887
238.625		0.487887
238.75		0.487887
238.875		0.487887
239		0.487887
239.125		0.488116
239.25		0.488116
239.375		0.488116
239.5		0.488116
239.625		0.488116
239.75		0.488116
239.875		0.488116
240		0.488116
240.125		0.493361
240.25		0.493361
240.375		0.493361
240.5		0.493361
240.625		0.493361
240.75		0.493361
240.875		0.493361
241		0.493361
241.125		0.497333
241.25		0.497333
241.375		0.497333
241.5		0.497333
241.625		0.497333
241.75		0.497333
241.875		0.497333
242		0.497333
242.125		0.497727
242.25		0.497727
242.375		0.497727
242.5		0.497727
242.625		0.497727
242.75		0.497727
242.875		0.497727
243		0.497727
243.125		0.499267
243.25		0.499267
243.375		0.499267
243.5		0.499267
243.625		0.499267
243.75		0.499267
243.875		0.499267
244		0.499267
244.125		0.503396
244.25		0.503396
244.375		0.503396
244.5		0.503396
244.625		0.503396
244.75		0.503396
244.875		0.503396
245		0.503396
245.125		0.503686
245.25		0.503686
245.375		0.503686
245.5		0.503686
245.625		0.503686
245.75		0.503686
245.875		0.503686
246		0.503686
246.125		0.506251
246.25		0.506251
246.375		0.506251
246.5		0.506251
246.625		0.506251
246.75		0.506251
246.875		0.506251
247		0.506251
247.125		0.508623
247.25		0.508623
247.375		0.508623
247.5		0.508623
247.625		0.508623
247.75		0.508623
247.875		0.508623
248		0.508623
248.125		0.509443
248.25		0.509443
248.375		0.509443
248.5		0.509443
248.625		0.509443
248.75		0.509443
248.875		0.509443
249		0.509443
249.125		0.514716
249.25		0.514716
249.375		0.514716
249.5		0.514716
249.625		0.514716
249.75		0.514716
249.875		0.514716
250		0.514716
250.125		0.515191
250.25		0.515191
250.375		0.515191
250.5		0.515191
250.625		0.515191
250.75		0.515191
250.875		0.515191
251		0.515191
251.125		0.515689
251.25		0.515689
251.375		0.515689
251.5		0.515689
251.625		0.515689
251.75		0.515689
251.875		0.515689
252		0.515689
252.125		0.516937
252.25		0.516937
252.375		0.516937
252.5		0.516937
252.625		0.516937
252.75		0.516937
252.875		0.516937
253		0.516937
253.125		0.520401
253.25		0.520401
253.375		0.520401
253.5		0.520401
253.625		0.520401
253.75		0.520401
253.875		0.520401
254		0.520401
254.125		0.52377
254.25		0.52377
254.375		0.52377
254.5		0.52377
254.625		0.52377
254.75		0.52377
254.875		0.52377
255		0.52377
255.125		0.524701
255.25		0.524701
255.375		0.524701
255.5		0.524701
255.625		0.524701
255.75		0.524701
255.875		0.524701
256		0.524701
256.125		0.526665
256.25		0.526665
256.375		0.526665
256.5		0.526665
256.625		0.526665
256.75		0.526665
256.875		0.526665
257		0.526665
257.125		0.526949
257.25		0.526949
257.375		0.526949
257.5		0.526949
257.625		0.526949
257.75		0.526949
257.875		0.526949
258		0.526949
258.125		0.531265
258.25		0.531265
258.375		0.531265
258.5		0.531265
258.625		0.531265
258.75		0.531265
258.875		0.531265
259		0.531265
259.125		0.532298
259.25		0.532298
259.375		0.532298
259.5		0.532298
259.625		0.532298
259.75		0.532298
259.875		0.532298
260		0.532298
260.125		0.53592
260.25		0.53592
260.375		0.53592
260.5		0.53592
260.625		0.53592
260.75		0.53592
260.875		0.53592
261		0.53592
261.125		0.536164
261.25		0.536164
261.375		0.536164
261.5		0.536164
261.625		0.536164
261.75		0.536164
261.875		0.536164
262		0.536164
262.125		0.539201
262.25		0.539201
262.375		0.539201
262.5		0.539201
262.625		0.539201
262.75		0.539201
262.875		0.539201
263		0.539201
263.125		0.541963
263.25		0.541963
263.375		0.541963
263.5		0.541963
263.625		0.541963
263.75		0.541963
263.875		0.541963
264		0.541963
264.125		0.542759
264.25		0.542759
264.375		0.542759
264.5		0.542759
264.625		0.542759
264.75		0.542759
264.875		0.542759
265		0.542759
265.125		0.543031
265.25		0.543031
265.375		0.543031
265.5		0.543031
265.625		0.543031
265.75		0.543031
265.875		0.543031
266		0.543031
266.125		0.549462
266.25		0.549462
266.375		0.549462
266.5		0.549462
266.625		0.549462
266.75		0.549462
266.875		0.549462
267		0.549462
267.125		0.55002
267.25		0.55002
267.375		0.55002
267.5		0.55002
267.625		0.55002
267.75		0.55002
267.875		0.55002
268		0.55002
268.125		0.550344
268.25		0.550344
268.375		0.550344
268.5		0.550344
268.625		0.550344
268.75		0.550344
268.875		0.550344
269		0.550344
269.125		0.554799
269.25		0.554799
269.375		0.554799
269.5		0.554799
269.625		0.554799
269.75		0.554799
269.875		0.554799
270		0.554799
270.125		0.558124
270.25		0.558124
270.375		0.558124
270.5		0.558124
270.625		0.558124
270.75		0.558124
270.875		0.558124
271		0.558124
271.125		0.559461
271.25		0.559461
271.375		0.559461
271.5		0.559461
271.625		0.559461
271.75		0.559461
271.875		0.559461
272		0.559461
272.125		0.559841
272.25		0.559841
272.375		0.559841
272.5		0.559841
272.625		0.559841
272.75		0.559841
272.875		0.559841
273		0.559841
273.125		0.561348
273.25		0.561348
273.375		0.561348
273.5		0.561348
273.625		0.561348
273.75		0.561348
273.875		0.561348
274		0.561348
274.125		0.562406
274.25		0.562406
274.375		0.562406
274.5		0.562406
274.625		0.562406
274.75		0.562406
274.875		0.562406
275		0.562406
275.125		0.569182
275.25		0.569182
275.375		0.569182
275.5		0.569182
275.625		0.569182
275.75		0.569182
275.875		0.569182
276		0.569182
276.125		0.569677
276.25		0.569677
276.375		0.569677
276.5		0.569677
276.625		0.569677
276.75		0.569677
276.875		0.569677
277		0.569677
277.125		0.57152
277.25		0.57152
277.375		0.57152
277.5		0.57152
277.625		0.57152
277.75		0.57152
277.875		0.57152
278		0.57152
278.125		0.572176
278.25		0.572176
278.375		0.572176
278.5		0.572176
278.625		0.572176
278.75		0.572176
278.875		0.572176
279		0.572176
279.125		0.575283
279.25		0.575283
279.375		0.575283
279.5		0.575283
279.625		0.575283
279.75		0.575283
279.875		0.575283
280		0.575283
280.125		0.579087
280.25		0.579087
280.375		0.579087
280.5		0.579087
280.625		0.579087
280.75		0.579087
280.875		0.579087
281		0.579087
281.125		0.582635
281.25		0.582635
281.375		0.582635
281.5		0.582635
281.625		0.582635
281.75		0.582635
281.875		0.582635
282		0.582635
282.125		0.582762
282.25		0.582762
282.375		0.582762
282.5		0.582762
282.625		0.582762
282.75		0.582762
282.875		0.582762
283		0.582762
283.125		0.588792
283.25		0.588792
283.375		0.588792
283.5		0.588792
283.625		0.588792
283.75		0.588792
283.875		0.588792
284		0.588792
284.125		0.591353
284.25		0.591353
284.375		0.591353
284.5		0.591353
284.625		0.591353
284.75		0.591353
284.875		0.591353
285		0.591353
285.125		0.594777
285.25		0.594777
285.375		0.594777
285.5		0.594777
285.625		0.594777
285.75		0.594777
285.875		0.594777
286		0.594777
286.125		0.595237
286.25		0.595237
286.375		0.595237
286.5		0.595237
286.625		0.595237
286.75		0.595237
286.875		0.595237
287		0.595237
287.125		0.598568
287.25		0.598568
287.375		0.598568
287.5		0.598568
287.625		0.598568
287.75		0.598568
287.875		0.598568
288		0.598568
288.125		0.599793
288.25		0.599793
288.375		0.599793
288.5		0.599793
288.625		0.599793
288.75		0.599793
288.875		0.599793
289		0.599793
289.125		0.601759
289.25		0.601759
289.375		0.601759
289.5		0.601759
289.625		0.601759
289.75		0.601759
289.875		0.601759
290		0.601759
290.125		0.602275
290.25		0.602275
290.375		0.602275
290.5		0.602275
290.625		0.602275
290.75		0.602275
290.875		0.602275
291		0.602275
291.125		0.607176
291.25		0.607176
291.375		0.607176
291.5		0.607176
291.625		0.607176
291.75		0.607176
291.875		0.607176
292		0.607176
292.125		0.609329
292.25		0.609329
292.375		0.609329
292.5		0.609329
292.625		0.609329
292.75		0.609329
292.875		0.609329
293		0.609329
293.125		0.609888
293.25		0.609888
293.375		0.609888
293.5		0.609888
293.625		0.609888
293.75		0.609888
293.875		0.609888
294		0.609888
294.125		0.610616
294.25		0.610616
294.375		0.610616
294.5		0.610616
294.625		0.610616
294.75		0.610616
294.875		0.610616
295		0.610616
295.125		0.613844
295.25		0.613844
295.375		0.613844
295.5		0.613844
295.625		0.613844
295.75		0.613844
295.875		0.613844
296		0.613844
296.125		0.617855
296.25		0.617855
296.375		0.617855
296.5		0.617855
296.625		0.617855
296.75		0.617855
296.875		0.617855
297		0.617855
297.125		0.618303
297.25		0.618303
297.375		0.618303
297.5		0.618303
297.625		0.618303
297.75		0.618303
297.875		0.618303
298		0.618303
298.125		0.620902
298.25		0.620902
298.375		0.620902
298.5		0.620902
298.625		0.620902
298.75		0.620902
298.875		0.620902
299		0.620902
299.125		0.622171
299.25		0.622171
299.375		0.622171
299.5		0.622171
299.625		0.622171
299.75		0.622171
299.875		0.622171
300		0.622171
300.125		0.627659
300.25		0.627659
300.375		0.627659
300.5		0.627659
300.625		0.627659
300.75		0.627659
300.875		0.627659
301		0.627659
301.125		0.630131
301.25		0.630131
301.375		0.630131
301.5		0.630131
301.625		0.630131
301.75		0.630131
301.875		0.630131
302		0.630131
302.125		0.630477
302.25		0.630477
302.375		0.630477
302.5		0.630477
302.625		0.630477
302.75		0.630477
302.875		0.630477
303		0.630477
303.125		0.630668
303.25		0.630668
303.375		0.630668
303.5		0.630668
303.625		0.630668
303.75		0.630668
303.875		0.630668
304		0.630668
304.125		0.636522
304.25		0.636522
304.375		0.636522
304.5		0.636522
304.625		0.636522
304.75		0.636522
304.875		0.636522
305		0.636522
305.125		0.636992
305.25		0.636992
305.375		0.636992
305.5		0.636992
305.625		0.636992
305.75		0.636992
305.875		0.636992
306		0.636992
306.125		0.642858
306.25		0.642858
306.375		0.642858
306.5		0.642858
306.625		0.642858
306.75		0.642858
306.875		0.642858
307		0.642858
307.125		0.645106
307.25		0.645106
307.375		0.645106
307.5		0.645106
307.625		0.645106
307.75		0.645106
307.875		0.645106
308		0.645106
308.125		0.646533
308.25		0.646533
308.375		0.646533
308.5		0.646533
308.625		0.646533
308.75		0.646533
308.875		0.646533
309		0.646533
309.125		0.647782
309.25		0.647782
309.375		0.647782
309.5		0.647782
309.625		0.647782
309.75		0.647782
309.875		0.647782
310		0.647782
310.125		0.654813
310.25		0.654813
310.375		0.654813
310.5		0.654813
310.625		0.654813
310.75		0.654813
310.875		0.654813
311		0.654813
311.125		0.656876
311.25		0.656876
311.375		0.656876
311.5		0.656876
311.625		0.656876
311.75		0.656876
311.875		0.656876
312		0.656876
312.125		0.65796
312.25		0.65796
312.375		0.65796
312.5		0.65796
312.625		0.65796
312.75		0.65796
312.875		0.65796
313		0.65796
313.125		0.658528
313.25		0.658528
313.375		0.658528
313.5		0.658528
313.625		0.658528
313.75		0.658528
313.875		0.658528
314		0.658528
314.125		0.662006
314.25		0.662006
314.375		0.662006
314.5		0.662006
314.625		0.662006
314.75		0.662006
314.875		0.662006
315		0.662006
315.125		0.663568
315.25		0.663568
315.375		0.663568
315.5		0.663568
315.625		0.663568
315.75		0.663568
315.875		0.663568
316		0.663568
316.125		0.66502
316.25		0.66502
316.375		0.66502
316.5		0.66502
316.625		0.66502
316.75		0.66502
316.875		0.66502
317		0.66502
317.125		0.669788
317.25		0.669788
317.375		0.669788
317.5		0.669788
317.625		0.669788
317.75		0.669788
317.875		0.669788
318		0.669788
318.125		0.670258
318.25		0.670258
318.375		0.670258
318.5		0.670258
318.625		0.670258
318.75		0.670258
318.875		0.670258
319		0.670258
319.125		0.672884
319.25		0.672884
319.375		0.672884
319.5		0.672884
319.625		0.672884
319.75		0.672884
319.875		0.672884
320		0.672884
320.125		0.673995
320.25		0.673995
320.375		0.673995
320.5		0.673995
320.625		0.673995
320.75		0.673995
320.875		0.673995
321		0.673995
321.125		0.676257
321.25		0.676257
321.375		0.676257
321.5		0.676257
321.625		0.676257
321.75		0.676257
321.875		0.676257
322		0.676257
322.125		0.67807
322.25		0.67807
322.375		0.67807
322.5		0.67807
322.625		0.67807
322.75		0.67807
322.875		0.67807
323		0.67807
323.125		0.679916
323.25		0.679916
323.375		0.679916
323.5		0.679916
323.625		0.679916
323.75		0.679916
323.875		0.679916
324		0.679916
324.125		0.683812
324.25		0.683812
324.375		0.683812
324.5		0.683812
324.625		0.683812
324.75		0.683812
324.875		0.683812
325		0.683812
325.125		0.684515
325.25		0.684515
325.375		0.684515
325.5		0.684515
325.625		0.684515
325.75		0.684515
325.875		0.684515
326		0.684515
326.125		0.685884
326.25		0.685884
326.375		0.685884
326.5		0.685884
326.625		0.685884
326.75		0.685884
326.875		0.685884
327		0.685884
327.125		0.688791
327.25		0.688791
327.375		0.688791
327.5		0.688791
327.625		0.688791
327.75		0.688791
327.875		0.688791
328		0.688791
328.125		0.692452
328.25		0.692452
328.375		0.692452
328.5		0.692452
328.625		0.692452
328.75		0.692452
328.875		0.692452
329		0.692452
329.125		0.69287
329.25		0.69287
329.375		0.69287
329.5		0.69287
329.625		0.69287
329.75		0.69287
329.875		0.69287
330		0.69287
330.125		0.693885
330.25		0.693885
330.375		0.693885
330.5		0.693885
330.625		0.693885
330.75		0.693885
330.875		0.693885
331		0.693885
331.125		0.696263
331.25		0.696263
331.375		0.696263
331.5		0.696263
331.625		0.696263
331.75		0.696263
331.875		0.696263
332		0.696263
332.125		0.700545
332.25		0.700545
332.375		0.700545
332.5		0.700545
332.625		0.700545
332.75		0.700545
332.875		0.700545
333		0.700545
333.125		0.701096
333.25		0.701096
333.375		0.701096
333.5		0.701096
333.625		0.701096
333.75		0.701096
333.875		0.701096
334		0.701096
334.125		0.704857
334.25		0.704857
334.375		0.704857
334.5		0.704857
334.625		0.704857
334.75		0.704857
334.875		0.704857
335		0.704857
335.125		0.706757
335.25		0.706757
335.375		0.706757
335.5		0.706757
335.625		0.706757
335.75		0.706757
335.875		0.706757
336		0.706757
336.125		0.708043
336.25		0.708043
336.375		0.708043
336.5		0.708043
336.625		0.708043
336.75		0.708043
336.875		0.708043
337		0.708043
337.125		0.709469
337.25		0.709469
337.375		0.709469
337.5		0.709469
337.625		0.709469
337.75		0.709469
337.875		0.709469
338		0.709469
338.125		0.712464
338.25		0.712464
338.375		0.712464
338.5		0.712464
338.625		0.712464
338.75		0.712464
338.875		0.712464
339		0.712464
339.125		0.713626
339.25		0.713626
339.375		0.713626
339.5		0.713626
339.625		0.713626
339.75		0.713626
339.875		0.713626
340		0.713626
340.125		0.719373
340.25		0.719373
340.375		0.719373
340.5		0.719373
340.625		0.719373
340.75		0.719373
340.875		0.719373
341		0.719373
341.125		0.720392
341.25		0.720392
341.375		0.720392
341.5		0.720392
341.625		0.720392
341.75		0.720392
341.875		0.720392
342		0.720392
342.125		0.722393
342.25		0.722393
342.375		0.722393
342.5		0.722393
342.625		0.722393
342.75		0.722393
342.875		0.722393
343		0.722393
343.125		0.727595
343.25		0.727595
343.375		0.727595
343.5		0.727595
343.625		0.727595
343.75		0.727595
343.875		0.727595
344		0.727595
344.125		0.730052
344.25		0.730052
344.375		0.730052
344.5		0.730052
344.625		0.730052
344.75		0.730052
344.875		0.730052
345		0.730052
345.125		0.735337
345.25		0.735337
345.375		0.735337
345.5		0.735337
345.625		0.735337
345.75		0.735337
345.875		0.735337
346		0.735337
346.125		0.7357
346.25		0.7357
346.375		0.7357
346.5		0.7357
346.625		0.7357
346.75		0.7357
346.875		0.7357
347		0.7357
347.125		0.735916
347.25		0.735916
347.375		0.735916
347.5		0.735916
347.625		0.735916
347.75		0.735916
347.875		0.735916
348		0.735916
348.125		0.739413
348.25		0.739413
348.375		0.739413
348.5		0.739413
348.625		0.739413
348.75		0.739413
348.875		0.739413
349		0.739413
349.125		0.741934
349.25		0.741934
349.375		0.741934
349.5		0.741934
349.625		0.741934
349.75		0.741934
349.875		0.741934
350		0.741934
350.125		0.745533
350.25		0.745533
350.375		0.745533
350.5		0.745533
350.625		0.745533
350.75		0.745533
350.875		0.745533
351		0.745533
351.125		0.747599
351.25		0.747599
351.375		0.747599
351.5		0.747599
351.625		0.747599
351.75		0.747599
351.875		0.747599
352		0.747599
352.125		0.74768
352.25		0.74768
352.375		0.74768
352.5		0.74768
352.625		0.74768
352.75		0.74768
352.875		0.74768
353		0.74768
353.125		0.750876
353.25		0.750876
353.375		0.750876
353.5		0.750876
353.625		0.750876
353.75		0.750876
353.875		0.750876
354		0.750876
354.125		0.751694
354.25		0.751694
354.375		0.751694
354.5		0.751694
354.625		0.751694
354.75		0.751694
354.875		0.751694
355		0.751694
355.125		0.753915
355.25		0.753915
355.375		0.753915
355.5		0.753915
355.625		0.753915
355.75		0.753915
355.875		0.753915
356		0.753915
356.125		0.757289
356.25		0.757289
356.375		0.757289
356.5		0.757289
356.625		0.757289
356.75		0.757289
356.875		0.757289
357		0.757289
357.125		0.757783
357.25		0.757783
357.375		0.757783
357.5		0.757783
357.625		0.757783
357.75		0.757783
357.875		0.757783
358		0.757783
358.125		0.760119
358.25		0.760119
358.375		0.760119
358.5		0.760119
358.625		0.760119
358.75		0.760119
358.875		0.760119
359		0.760119
359.125		0.761221
359.25		0.761221
359.375		0.761221
359.5		0.761221
359.625		0.761221
359.75		0.761221
359.875		0.761221
360		0.761221
360.125		0.766918
360.25		0.766918
360.375		0.766918
360.5		0.766918
360.625		0.766918
360.75		0.766918
360.875		0.766918
361		0.766918
361.125		0.768804
361.25		0.768804
361.375		0.768804
361.5		0.768804
361.625		0.768804
361.75		0.768804
361.875		0.768804
362		0.768804
362.125		0.769304
362.25		0.769304
362.375		0.769304
362.5		0.769304
362.625		0.769304
362.75		0.769304
362.875		0.769304
363		0.769304
363.125		0.770365
363.25		0.770365
363.375		0.770365
363.5		0.770365
363.625		0.770365
363.75		0.770365
363.875		0.770365
364		0.770365
364.125		0.772247
364.25		0.772247
364.375		0.772247
364.5		0.772247
364.625		0.772247
364.75		0.772247
364.875		0.772247
365		0.772247
365.125		0.776718
365.25		0.776718
365.375		0.776718
365.5		0.776718
365.625		0.776718
365.75		0.776718
365.875		0.776718
366		0.776718
366.125		0.777158
366.25		0.777158
366.375		0.777158
366.5		0.777158
366.625		0.777158
366.75		0.777158
366.875		0.777158
367		0.777158
367.125		0.779197
367.25		0.779197
367.375		0.779197
367.5		0.779197
367.625		0.779197
367.75		0.779197
367.875		0.779197
368		0.779197
368.125		0.783084
368.25		0.783084
368.375		0.783084
368.5		0.783084
368.625		0.783084
368.75		0.783084
368.875		0.783084
369		0.783084
369.125		0.786035
369.25		0.786035
369.375		0.786035
369.5		0.786035
369.625		0.786035
369.75		0.786035
369.875		0.786035
370		0.786035
370.125		0.787702
370.25		0.787702
370.375		0.787702
370.5		0.787702
370.625		0.787702
370.75		0.787702
370.875		0.787702
371		0.787702
371.125		0.791869
371.25		0.791869
371.375		0.791869
371.5		0.791869
371.625		0.791869
371.75		0.791869
371.875		0.791869
372		0.791869
372.125		0.793246
372.25		0.793246
372.375		0.793246
372.5		0.793246
372.625		0.793246
372.75		0.793246
372.875		0.793246
373		0.793246
373.125		0.798724
373.25		0.798724
373.375		0.798724
373.5		0.798724
373.625		0.798724
373.75		0.798724
373.875		0.798724
374		0.798724
374.125		0.801054
374.25		0.801054
374.375		0.801054
374.5		0.801054
374.625		0.801054
374.75		0.801054
374.875		0.801054
375		0.801054
375.125		0.802176
375.25		0.802176
375.375		0.802176
375.5		0.802176
375.625		0.802176
375.75		0.802176
375.875		0.802176
376		0.802176
376.125		0.80573
376.25		0.80573
376.375		0.80573
376.5		0.80573
376.625		0.80573
376.75		0.80573
376.875		0.80573
377		0.80573
377.125		0.807483
377.25		0.807483
377.375		0.807483
377.5		0.807483
377.625		0.807483
377.75		0.807483
377.875		0.807483
378		0.807483
378.125		0.808603
378.25		0.808603
378.375		0.808603
378.5		0.808603
378.625		0.808603
378.75		0.808603
378.875		0.808603
379		0.808603
379.125		0.810653
379.25		0.810653
379.375		0.810653
379.5		0.810653
379.625		0.810653
379.75		0.810653
379.875		0.810653
380		0.810653
380.125		0.814509
380.25		0.814509
380.375		0.814509
380.5		0.814509
380.625		0.814509
380.75		0.814509
380.875		0.814509
381		0.814509
381.125		0.816368
381.25		0.816368
381.375		0.816368
381.5		0.816368
381.625		0.816368
381.75		0.816368
381.875		0.816368
382		0.816368
382.125		0.818214
382.25		0.818214
382.375		0.818214
382.5		0.818214
382.625		0.818214
382.75		0.818214
382.875		0.818214
383		0.818214
383.125		0.8187
383.25		0.8187
383.375		0.8187
383.5		0.8187
383.625		0.8187
383.75		0.8187
383.875		0.8187
384		0.8187
384.125		0.822902
384.25		0.822902
384.375		0.822902
384.5		0.822902
384.625		0.822902
384.75		0.822902
384.875		0.822902
385		0.822902
385.125		0.826088
385.25		0.826088
385.375		0.826088
385.5		0.826088
385.625		0.826088
385.75		0.826088
385.875		0.826088
386		0.826088
386.125		0.826591
386.25		0.826591
386.375		0.826591
386.5		0.826591
386.625		0.826591
386.75		0.826591
386.875		0.826591
387		0.826591
387.125		0.829845
387.25		0.829845
387.375		0.829845
387.5		0.829845
387.625		0.829845
387.75		0.829845
387.875		0.829845
388		0.829845
388.125		0.832479
388.25		0.832479
388.375		0.832479
388.5		0.832479
388.625		0.832479
388.75		0.832479
388.875		0.832479
389		0.832479
389.125		0.832905
389.25		0.832905
389.375		0.832905
389.5		0.832905
389.625		0.832905
389.75		0.832905
389.875		0.832905
390		0.832905
390.125		0.835743
390.25		0.835743
390.375		0.835743
390.5		0.835743
390.625		0.835743
390.75		0.835743
390.875		0.835743
391		0.835743
391.125		0.838421
391.25		0.838421
391.375		0.838421
391.5		0.838421
391.625		0.838421
391.75		0.838421
391.875		0.838421
392		0.838421
392.125		0.838895
392.25		0.838895
392.375		0.838895
392.5		0.838895
392.625		0.838895
392.75		0.838895
392.875		0.838895
393		0.838895
393.125		0.843149
393.25		0.843149
393.375		0.843149
393.5		0.843149
393.625		0.843149
393.75		0.843149
393.875		0.843149
394		0.843149
394.125		0.843396
394.25		0.843396
394.375		0.843396
394.5		0.843396
394.625		0.843396
394.75		0.843396
394.875		0.843396
395		0.843396
395.125		0.844856
395.25		0.844856
395.375		0.844856
395.5		0.844856
395.625		0.844856
395.75		0.844856
395.875		0.844856
396		0.844856
396.125		0.847592
396.25		0.847592
396.375		0.847592
396.5		0.847592
396.625		0.847592
396.75		0.847592
396.875		0.847592
397		0.847592
397.125		0.848583
397.25		0.848583
397.375		0.848583
397.5		0.848583
397.625		0.848583
397.75		0.848583
397.875		0.848583
398		0.848583
398.125		0.854463
398.25		0.854463
398.375		0.854463
398.5		0.854463
398.625		0.854463
398.75		0.854463
398.875		0.854463
399		0.854463
399.125		0.854754
399.25		0.854754
399.375		0.854754
399.5		0.854754
399.625		0.854754
399.75		0.854754
399.875		0.854754
400		0.854754
400.125		0.855086
400.25		0.855086
400.375		0.855086
400.5		0.855086
400.625		0.855086
400.75		0.855086
400.875		0.855086
401		0.855086
401.125		0.85617
401.25		0.85617
401.375		0.85617
401.5		0.85617
401.625		0.85617
401.75		0.85617
401.875		0.85617
402		0.85617
402.125		0.861523
402.25		0.861523
402.375		0.861523
402.5		0.861523
402.625		0.861523
402.75		0.861523
402.875		0.861523
403		0.861523
403.125		0.864402
403.25		0.864402
403.375		0.864402
403.5		0.864402
403.625		0.864402
403.75		0.864402
403.875		0.864402
404		0.864402
404.125		0.866
404.25		0.866
404.375		0.866
404.5		0.866
404.625		0.866
404.75		0.866
404.875		0.866
405		0.866
405.125		0.866259
405.25		0.866259
405.375		0.866259
405.5		0.866259
405.625		0.866259
405.75		0.866259
405.875		0.866259
406		0.866259
406.125		0.869198
406.25		0.869198
406.375		0.869198
406.5		0.869198
406.625		0.869198
406.75		0.869198
406.875		0.869198
407		0.869198
407.125		0.871633
407.25		0.871633
407.375		0.871633
407.5		0.871633
407.625		0.871633
407.75		0.871633
407.875		0.871633
408		0.871633
408.125		0.874521
408.25		0.874521
408.375		0.874521
408.5		0.874521
408.625		0.874521
408.75		0.874521
408.875		0.874521
409		0.874521
409.125		0.875331
409.25		0.875331
409.375		0.875331
409.5		0.875331
409.625		0.875331
409.75		0.875331
409.875		0.875331
410		0.875331
410.125		0.876415
410.25		0.876415
410.375		0.876415
410.5		0.876415
410.625		0.876415
410.75		0.876415
410.875		0.876415
411		0.876415
411.125		0.879772
411.25		0.879772
411.375		0.879772
411.5		0.879772
411.625		0.879772
411.75		0.879772
411.875		0.879772
412		0.879772
412.125		0.88407
412.25		0.88407
412.375		0.88407
412.5		0.88407
412.625		0.88407
412.75		0.88407
412.875		0.88407
413		0.88407
413.125		0.885435
413.25		0.885435
413.375		0.885435
413.5		0.885435
413.625		0.885435
413.75		0.885435
413.875		0.885435
414		0.885435
414.125		0.88572
414.25		0.88572
414.375		0.88572
414.5		0.88572
414.625		0.88572
414.75		0.88572
414.875		0.88572
415		0.88572
415.125		0.888788
415.25		0.888788
415.375		0.888788
415.5		0.888788
415.625		0.888788
415.75		0.888788
415.875		0.888788
416		0.888788
416.125		0.891808
416.25		0.891808
416.375		0.891808
416.5		0.891808
416.625		0.891808
416.75		0.891808
416.875		0.891808
417		0.891808
417.125		0.89275
417.25		0.89275
417.375		0.89275
417.5		0.89275
417.625		0.89275
417.75		0.89275
417.875		0.89275
418		0.89275
418.125		0.894664
418.25		0.894664
418.375		0.894664
418.5		0.894664
418.625		0.894664
418.75		0.894664
418.875		0.894664
419		0.894664
419.125		0.895118
419.25		0.895118
419.375		0.895118
419.5		0.895118
419.625		0.895118
419.75		0.895118
419.875		0.895118
420		0.895118
420.125		0.900777
420.25		0.900777
420.375		0.900777
420.5		0.900777
420.625		0.900777
420.75		0.900777
420.875		0.900777
421		0.900777
421.125		0.901206
421.25		0.901206
421.375		0.901206
421.5		0.901206
421.625		0.901206
421.75		0.901206
421.875		0.901206
422		0.901206
422.125		0.902219
422.25		0.902219
422.375		0.902219
422.5		0.902219
422.625		0.902219
422.75		0.902219
422.875		0.902219
423		0.902219
423.125		0.902725
423.25		0.902725
423.375		0.902725
423.5		0.902725
423.625		0.902725
423.75		0.902725
423.875		0.902725
424		0.902725
424.125		0.908151
424.25		0.908151
424.375		0.908151
424.5		0.908151
424.625		0.908151
424.75		0.908151
424.875		0.908151
425		0.908151
425.125		0.909755
425.25		0.909755
425.375		0.909755
425.5		0.909755
425.625		0.909755
425.75		0.909755
425.875		0.909755
426		0.909755
426.125		0.912775
426.25		0.912775
426.375		0.912775
426.5		0.912775
426.625		0.912775
426.75		0.912775
426.875		0.912775
427		0.912775
427.125		0.913452
427.25		0.913452
427.375		0.913452
427.5		0.913452
427.625		0.913452
427.75		0.913452
427.875		0.913452
428		0.913452
428.125		0.914761
428.25		0.914761
428.375		0.914761
428.5		0.914761
428.625		0.914761
428.75		0.914761
428.875		0.914761
429		0.914761
429.125		0.919519
429.25		0.919519
429.375		0.919519
429.5		0.919519
429.625		0.919519
429.75		0.919519
429.875		0.919519
430		0.919519
430.125		0.92045
430.25		0.92045
430.375		0.92045
430.5		0.92045
430.625		0.92045
430.75		0.92045
430.875		0.92045
431		0.92045
431.125		0.921043
431.25		0.921043
431.375		0.921043
431.5		0.921043
431.625		0.921043
431.75		0.921043
431.875		0.921043
432		0.921043
432.125		0.925403
432.25		0.925403
432.375		0.925403
432.5		0.925403
432.625		0.925403
432.75		0.925403
432.875		0.925403
433		0.925403
433.125		0.925707
433.25		0.925707
433.375		0.925707
433.5		0.925707
433.625		0.925707
433.75		0.925707
433.875		0.925707
434		0.925707
434.125		0.926189
434.25		0.926189
434.375		0.926189
434.5		0.926189
434.625		0.926189
434.75		0.926189
434.875		0.926189
435		0.926189
435.125		0.929874
435.25		0.929874
435.375		0.929874
435.5		0.929874
435.625		0.929874
435.75		0.929874
435.875		0.929874
436		0.929874
436.125		0.933311
436.25		0.933311
436.375		0.933311
436.5		0.933311
436.625		0.933311
436.75		0.933311
436.875		0.933311
437		0.933311
437.125		0.936697
437.25		0.936697
437.375		0.936697
437.5		0.936697
437.625		0.936697
437.75		0.936697
437.875		0.936697
438		0.936697
438.125		0.938751
438.25		0.938751
438.375		0.938751
438.5		0.938751
438.625		0.938751
438.75		0.938751
438.875		0.938751
439		0.938751
439.125		0.93893
439.25		0.93893
439.375		0.93893
439.5		0.93893
439.625		0.93893
439.75		0.93893
439.875		0.93893
440		0.93893
440.125		0.942506
440.25		0.942506
440.375		0.942506
440.5		0.942506
440.625		0.942506
440.75		0.942506
440.875		0.942506
441		0.942506
441.125		0.943676
441.25		0.943676
441.375		0.943676
441.5		0.943676
441.625		0.943676
441.75		0.943676
441.875		0.943676
442		0.943676
442.125		0.945333
442.25		0.945333
442.375		0.945333
442.5		0.945333
442.625		0.945333
442.75		0.945333
442.875		0.945333
443		0.945333
443.125		0.948881
443.25		0.948881
443.375		0.948881
443.5		0.948881
443.625		0.948881
443.75		0.948881
443.875		0.948881
444		0.948881
444.125		0.950819
444.25		0.950819
444.375		0.950819
444.5		0.950819
444.625		0.950819
444.75		0.950819
444.875		0.950819
445		0.950819
445.125		0.952031
445.25		0.952031
445.375		0.952031
445.5		0.952031
445.625		0.952031
445.75		0.952031
445.875		0.952031
446		0.952031
446.125		0.954912
446.25		0.954912
446.375		0.954912
446.5		0.954912
446.625		0.954912
446.75		0.954912
446.875		0.954912
447		0.954912
447.125		0.955953
447.25		0.955953
447.375		0.955953
447.5		0.955953
447.625		0.955953
447.75		0.955953
447.875		0.955953
448		0.955953
448.125		0.958512
448.25		0.958512
448.375		0.958512
448.5		0.958512
448.625		0.958512
448.75		0.958512
448.875		0.958512
449		0.958512
449.125		0.960112
449.25		0.960112
449.375		0.960112
449.5		0.960112
449.625		0.960112
449.75		0.960112
449.875		0.960112
450		0.960112
450.125		0.963522
450.25		0.963522
450.375		0.963522
450.5		0.963522
450.625		0.963522
450.75		0.963522
450.875		0.963522
451		0.963522
451.125		0.966358
451.25		0.966358
451.375		0.966358
451.5		0.966358
451.625		0.966358
451.75		0.966358
451.875		0.966358
452		0.966358
452.125		0.967317
452.25		0.967317
452.375		0.967317
452.5		0.967317
452.625		0.967317
452.75		0.967317
452.875		0.967317
453		0.967317
453.125		0.967916
453.25		0.967916
453.375		0.967916
453.5		0.967916
453.625		0.967916
453.75		0.967916
453.875		0.967916
454		0.967916
454.125		0.973764
454.25		0.973764
454.375		0.973764
454.5		0.973764
454.625		0.973764
454.75		0.973764
454.875		0.973764
455		0.973764
455.125		0.974878
455.25		0.974878
455.375		0.974878
455.5		0.974878
455.625		0.974878
455.75		0.974878
455.875		0.974878
456		0.974878
456.125		0.976213
456.25		0.976213
456.375		0.976213
456.5		0.976213
456.625		0.976213
456.75		0.976213
456.875		0.976213
457		0.976213
457.125		0.977887
457.25		0.977887
457.375		0.977887
457.5		0.977887
457.625		0.977887
457.75		0.977887
457.875		0.977887
458		0.977887
458.125		0.980517
458.25		0.980517
458.375		0.980517
458.5		0.980517
458.625		0.980517
458.75		0.980517
458.875		0.980517
459		0.980517
459.125		0.98441
459.25		0.98441
459.375		0.98441
459.5		0.98441
459.625		0.98441
459.75		0.98441
459.875		0.98441
460		0.98441
460.125		0.985373
460.25		0.985373
460.375		0.985373
460.5		0.985373
460.625		0.985373
460.75		0.985373
460.875		0.985373
461		0.985373
461.125		0.986706
461.25		0.986706
461.375		0.986706
461.5		0.986706
461.625		0.986706
461.75		0.986706
461.875		0.986706
462		0.986706
462.125		0.990114
462.25		0.990114
462.375		0.990114
462.5		0.990114
462.625		0.990114
462.75		0.990114
462.875		0.990114
463		0.990114
463.125		0.993762
463.25		0.993762
463.375		0.993762
463.5		0.993762
463.625		0.993762
463.75		0.993762
463.875		0.993762
464		0.993762
464.125		0.995009
464.25		0.995009
464.375		0.995009
464.5		0.995009
464.625		0.995009
464.75		0.995009
464.875		0.995009
465		0.995009
465.125		0.996329
465.25		0.996329
465.375		0.996329
465.5		0.996329
465.625		0.996329
465.75		0.996329
465.875		0.996329
466		0.996329
466.125		0.998758
466.25		0.998758
466.375		0.998758
466.5		0.998758
466.625		0.998758
466.75		0.998758
466.875		0.998758
467		0.998758
467.125		0.999188
467.25		0.999188
467.375		0.999188
467.5		0.999188
467.625		0.999188
467.75		0.999188
467.875		0.999188
468		0.999188
468.125		1
468.25		1
468.375		1
468.5		1
468.625		1
468.75		1
468.875		1
469		1
469.125		1
469.25		1
469.375		1
469.5		1
469.625		1
469.75		1
469.875		1
470		1
470.125		1
470.25		1
470.375		1
470.5		1
470.625		1
470.75		1
470.875		1
471		1
471.125		1
471.25		1
471.375		1
471.5		1
471.625		1
471.75		1
471.875		1
472		1
472.125		1
472.25		1
472.375		1
472.5		1
472.625		1
472.75		1
472.875		1
473		1
473.125		1
473.25		1
473.375		1
473.5		1
473.625		1
473.75		1
473.875		1
474		1
474.125		1
474.25		1
474.375		1
474.5		1
474.625		1
474.75		1
474.875		1
475		1
475.125		1
475.25		1
475.375		1
475.5		1
475.625		1
475.75		1
475.875		1
476		1
476.125		1
476.25		1
476.375		1
476.5		1
476.625		1
476.75		1
476.875		1
477		1
477.125		1
477.25		1
477.375		1
477.5		1
477.625		1
477.75		1
477.875		1
478		1
478.125		1
478.25		1
478.375		1
478.5		1
478.625		1
478.75		1
478.875		1
479		1
479.125		1
479.25		1
479.375		1
479.5		1
479.625		1
479.75		1
479.875		1
480		1
480.125		1
480.25		1
480.375		1
480.5		1
480.625		1
480.75		1
480.875		1
481		1
481.125		1
481.25		1
481.375		1
481.5		1
481.625		1
481.75		1
481.875		1
482		1
482.125		1
482.25		1
482.375		1
482.5		1
482.625		1
482.75		1
482.875		1
483		1
483.125		1
483.25		1
483.375		1
483.5		1
483.625		1
483.75		1
483.875		1
484		1
484.125		1
484.25		1
484.375		1
484.5		1
484.625		1
484.75		1
484.875		1
485		1
485.125		1
485.25		1
485.375		1
485.5		1
485.625		1
485.75		1
485.875		1
486		1
486.125		1
486.25		1
486.375		1
486.5		1
486.625		1
486.75		1
486.875		1
487		1
487.125		1
487.25		1
487.375		1
487.5		1
487.625		1
487.75		1
487.875		1
488		1
488.125		1
488.25		1
488.375		1
488.5		1
488.625		1
488.75		1
488.875		1
489		1
489.125		1
489.25		1
489.375		1
489.5		1
489.625		1
489.75		1
489.875		1
490		1
490.125		1
490.25		1
490.375		1
490.5		1
490.625		1
490.75		1
490.875		1
491		1
491.125		1
491.25		1
491.375		1
491.5		1
491.625		1
491.75		1
491.875		1
492		1
492.125		1
492.25		1
492.375		1
492.5		1
492.625		1
492.75		1
492.875		1
493		1
493.125		1
493.25		1
493.375		1
493.5		1
493.625		1
493.75		1
493.875		1
494		1
494.125		1
494.25		1
494.375		1
494.5		1
494.625		1
494.75		1
494.875		1
495		1
495.125		1
495.25		1
495.375		1
495.5		1
495.625		1
495.75		1
495.875		1
496		1
496.125		1
496.25		1
496.375		1
496.5		1
496.625		1
496.75		1
496.875		1
497		1
497.125		1
497.25		1
497.375		1
497.5		1
497.625		1
497.75		1
497.875		1
498		1
498.125		1
498.25		1
498.375		1
498.5		1
498.625		1
498.75		1
498.875		1
499		1
499.125		1
499.25		1
499.375		1
499.5		1
499.625		1
499.75		1
499.875		1
500		1
