# Calibration file of tamex_id 0 @ channel 10
# fine_T bin		 Calibration value
0.125		0
0.25		0
0.375		0
0.5		0
0.625		0
0.75		0
0.875		0
1		0
1.125		0
1.25		0
1.375		0
1.5		0
1.625		0
1.75		0
1.875		0
2		0
2.125		0
2.25		0
2.375		0
2.5		0
2.625		0
2.75		0
2.875		0
3		0
3.125		0
3.25		0
3.375		0
3.5		0
3.625		0
3.75		0
3.875		0
4		0
4.125		0
4.25		0
4.375		0
4.5		0
4.625		0
4.75		0
4.875		0
5		0
5.125		0
5.25		0
5.375		0
5.5		0
5.625		0
5.75		0
5.875		0
6		0
6.125		0
6.25		0
6.375		0
6.5		0
6.625		0
6.75		0
6.875		0
7		0
7.125		0
7.25		0
7.375		0
7.5		0
7.625		0
7.75		0
7.875		0
8		0
8.125		0
8.25		0
8.375		0
8.5		0
8.625		0
8.75		0
8.875		0
9		0
9.125		0
9.25		0
9.375		0
9.5		0
9.625		0
9.75		0
9.875		0
10		0
10.125		0
10.25		0
10.375		0
10.5		0
10.625		0
10.75		0
10.875		0
11		0
11.125		0
11.25		0
11.375		0
11.5		0
11.625		0
11.75		0
11.875		0
12		0
12.125		0
12.25		0
12.375		0
12.5		0
12.625		0
12.75		0
12.875		0
13		0
13.125		0
13.25		0
13.375		0
13.5		0
13.625		0
13.75		0
13.875		0
14		0
14.125		0
14.25		0
14.375		0
14.5		0
14.625		0
14.75		0
14.875		0
15		0
15.125		0
15.25		0
15.375		0
15.5		0
15.625		0
15.75		0
15.875		0
16		0
16.125		3.14283e-05
16.25		3.14283e-05
16.375		3.14283e-05
16.5		3.14283e-05
16.625		3.14283e-05
16.75		3.14283e-05
16.875		3.14283e-05
17		3.14283e-05
17.125		0.00892144
17.25		0.00892144
17.375		0.00892144
17.5		0.00892144
17.625		0.00892144
17.75		0.00892144
17.875		0.00892144
18		0.00892144
18.125		0.0114085
18.25		0.0114085
18.375		0.0114085
18.5		0.0114085
18.625		0.0114085
18.75		0.0114085
18.875		0.0114085
19		0.0114085
19.125		0.0123869
19.25		0.0123869
19.375		0.0123869
19.5		0.0123869
19.625		0.0123869
19.75		0.0123869
19.875		0.0123869
20		0.0123869
20.125		0.0185071
20.25		0.0185071
20.375		0.0185071
20.5		0.0185071
20.625		0.0185071
20.75		0.0185071
20.875		0.0185071
21		0.0185071
21.125		0.0186307
21.25		0.0186307
21.375		0.0186307
21.5		0.0186307
21.625		0.0186307
21.75		0.0186307
21.875		0.0186307
22		0.0186307
22.125		0.0217065
22.25		0.0217065
22.375		0.0217065
22.5		0.0217065
22.625		0.0217065
22.75		0.0217065
22.875		0.0217065
23		0.0217065
23.125		0.024072
23.25		0.024072
23.375		0.024072
23.5		0.024072
23.625		0.024072
23.75		0.024072
23.875		0.024072
24		0.024072
24.125		0.025107
24.25		0.025107
24.375		0.025107
24.5		0.025107
24.625		0.025107
24.75		0.025107
24.875		0.025107
25		0.025107
25.125		0.0298569
25.25		0.0298569
25.375		0.0298569
25.5		0.0298569
25.625		0.0298569
25.75		0.0298569
25.875		0.0298569
26		0.0298569
26.125		0.0315351
26.25		0.0315351
26.375		0.0315351
26.5		0.0315351
26.625		0.0315351
26.75		0.0315351
26.875		0.0315351
27		0.0315351
27.125		0.0320275
27.25		0.0320275
27.375		0.0320275
27.5		0.0320275
27.625		0.0320275
27.75		0.0320275
27.875		0.0320275
28		0.0320275
28.125		0.0328342
28.25		0.0328342
28.375		0.0328342
28.5		0.0328342
28.625		0.0328342
28.75		0.0328342
28.875		0.0328342
29		0.0328342
29.125		0.035801
29.25		0.035801
29.375		0.035801
29.5		0.035801
29.625		0.035801
29.75		0.035801
29.875		0.035801
30		0.035801
30.125		0.0400124
30.25		0.0400124
30.375		0.0400124
30.5		0.0400124
30.625		0.0400124
30.75		0.0400124
30.875		0.0400124
31		0.0400124
31.125		0.0421747
31.25		0.0421747
31.375		0.0421747
31.5		0.0421747
31.625		0.0421747
31.75		0.0421747
31.875		0.0421747
32		0.0421747
32.125		0.0437964
32.25		0.0437964
32.375		0.0437964
32.5		0.0437964
32.625		0.0437964
32.75		0.0437964
32.875		0.0437964
33		0.0437964
33.125		0.0445988
33.25		0.0445988
33.375		0.0445988
33.5		0.0445988
33.625		0.0445988
33.75		0.0445988
33.875		0.0445988
34		0.0445988
34.125		0.0478087
34.25		0.0478087
34.375		0.0478087
34.5		0.0478087
34.625		0.0478087
34.75		0.0478087
34.875		0.0478087
35		0.0478087
35.125		0.0525167
35.25		0.0525167
35.375		0.0525167
35.5		0.0525167
35.625		0.0525167
35.75		0.0525167
35.875		0.0525167
36		0.0525167
36.125		0.052831
36.25		0.052831
36.375		0.052831
36.5		0.052831
36.625		0.052831
36.75		0.052831
36.875		0.052831
37		0.052831
37.125		0.053845
37.25		0.053845
37.375		0.053845
37.5		0.053845
37.625		0.053845
37.75		0.053845
37.875		0.053845
38		0.053845
38.125		0.0551462
38.25		0.0551462
38.375		0.0551462
38.5		0.0551462
38.625		0.0551462
38.75		0.0551462
38.875		0.0551462
39		0.0551462
39.125		0.0575829
39.25		0.0575829
39.375		0.0575829
39.5		0.0575829
39.625		0.0575829
39.75		0.0575829
39.875		0.0575829
40		0.0575829
40.125		0.0617273
40.25		0.0617273
40.375		0.0617273
40.5		0.0617273
40.625		0.0617273
40.75		0.0617273
40.875		0.0617273
41		0.0617273
41.125		0.0620269
41.25		0.0620269
41.375		0.0620269
41.5		0.0620269
41.625		0.0620269
41.75		0.0620269
41.875		0.0620269
42		0.0620269
42.125		0.0667202
42.25		0.0667202
42.375		0.0667202
42.5		0.0667202
42.625		0.0667202
42.75		0.0667202
42.875		0.0667202
43		0.0667202
43.125		0.0679102
43.25		0.0679102
43.375		0.0679102
43.5		0.0679102
43.625		0.0679102
43.75		0.0679102
43.875		0.0679102
44		0.0679102
44.125		0.0682434
44.25		0.0682434
44.375		0.0682434
44.5		0.0682434
44.625		0.0682434
44.75		0.0682434
44.875		0.0682434
45		0.0682434
45.125		0.0689474
45.25		0.0689474
45.375		0.0689474
45.5		0.0689474
45.625		0.0689474
45.75		0.0689474
45.875		0.0689474
46		0.0689474
46.125		0.0742713
46.25		0.0742713
46.375		0.0742713
46.5		0.0742713
46.625		0.0742713
46.75		0.0742713
46.875		0.0742713
47		0.0742713
47.125		0.0760146
47.25		0.0760146
47.375		0.0760146
47.5		0.0760146
47.625		0.0760146
47.75		0.0760146
47.875		0.0760146
48		0.0760146
48.125		0.0773513
48.25		0.0773513
48.375		0.0773513
48.5		0.0773513
48.625		0.0773513
48.75		0.0773513
48.875		0.0773513
49		0.0773513
49.125		0.0798069
49.25		0.0798069
49.375		0.0798069
49.5		0.0798069
49.625		0.0798069
49.75		0.0798069
49.875		0.0798069
50		0.0798069
50.125		0.0850282
50.25		0.0850282
50.375		0.0850282
50.5		0.0850282
50.625		0.0850282
50.75		0.0850282
50.875		0.0850282
51		0.0850282
51.125		0.0851644
51.25		0.0851644
51.375		0.0851644
51.5		0.0851644
51.625		0.0851644
51.75		0.0851644
51.875		0.0851644
52		0.0851644
52.125		0.085619
52.25		0.085619
52.375		0.085619
52.5		0.085619
52.625		0.085619
52.75		0.085619
52.875		0.085619
53		0.085619
53.125		0.0891683
53.25		0.0891683
53.375		0.0891683
53.5		0.0891683
53.625		0.0891683
53.75		0.0891683
53.875		0.0891683
54		0.0891683
54.125		0.0920493
54.25		0.0920493
54.375		0.0920493
54.5		0.0920493
54.625		0.0920493
54.75		0.0920493
54.875		0.0920493
55		0.0920493
55.125		0.0951146
55.25		0.0951146
55.375		0.0951146
55.5		0.0951146
55.625		0.0951146
55.75		0.0951146
55.875		0.0951146
56		0.0951146
56.125		0.0982176
56.25		0.0982176
56.375		0.0982176
56.5		0.0982176
56.625		0.0982176
56.75		0.0982176
56.875		0.0982176
57		0.0982176
57.125		0.0984879
57.25		0.0984879
57.375		0.0984879
57.5		0.0984879
57.625		0.0984879
57.75		0.0984879
57.875		0.0984879
58		0.0984879
58.125		0.0993574
58.25		0.0993574
58.375		0.0993574
58.5		0.0993574
58.625		0.0993574
58.75		0.0993574
58.875		0.0993574
59		0.0993574
59.125		0.102976
59.25		0.102976
59.375		0.102976
59.5		0.102976
59.625		0.102976
59.75		0.102976
59.875		0.102976
60		0.102976
60.125		0.107036
60.25		0.107036
60.375		0.107036
60.5		0.107036
60.625		0.107036
60.75		0.107036
60.875		0.107036
61		0.107036
61.125		0.108197
61.25		0.108197
61.375		0.108197
61.5		0.108197
61.625		0.108197
61.75		0.108197
61.875		0.108197
62		0.108197
62.125		0.109894
62.25		0.109894
62.375		0.109894
62.5		0.109894
62.625		0.109894
62.75		0.109894
62.875		0.109894
63		0.109894
63.125		0.11059
63.25		0.11059
63.375		0.11059
63.5		0.11059
63.625		0.11059
63.75		0.11059
63.875		0.11059
64		0.11059
64.125		0.116142
64.25		0.116142
64.375		0.116142
64.5		0.116142
64.625		0.116142
64.75		0.116142
64.875		0.116142
65		0.116142
65.125		0.117114
65.25		0.117114
65.375		0.117114
65.5		0.117114
65.625		0.117114
65.75		0.117114
65.875		0.117114
66		0.117114
66.125		0.118082
66.25		0.118082
66.375		0.118082
66.5		0.118082
66.625		0.118082
66.75		0.118082
66.875		0.118082
67		0.118082
67.125		0.118386
67.25		0.118386
67.375		0.118386
67.5		0.118386
67.625		0.118386
67.75		0.118386
67.875		0.118386
68		0.118386
68.125		0.124544
68.25		0.124544
68.375		0.124544
68.5		0.124544
68.625		0.124544
68.75		0.124544
68.875		0.124544
69		0.124544
69.125		0.125235
69.25		0.125235
69.375		0.125235
69.5		0.125235
69.625		0.125235
69.75		0.125235
69.875		0.125235
70		0.125235
70.125		0.126545
70.25		0.126545
70.375		0.126545
70.5		0.126545
70.625		0.126545
70.75		0.126545
70.875		0.126545
71		0.126545
71.125		0.128085
71.25		0.128085
71.375		0.128085
71.5		0.128085
71.625		0.128085
71.75		0.128085
71.875		0.128085
72		0.128085
72.125		0.131513
72.25		0.131513
72.375		0.131513
72.5		0.131513
72.625		0.131513
72.75		0.131513
72.875		0.131513
73		0.131513
73.125		0.135481
73.25		0.135481
73.375		0.135481
73.5		0.135481
73.625		0.135481
73.75		0.135481
73.875		0.135481
74		0.135481
74.125		0.136131
74.25		0.136131
74.375		0.136131
74.5		0.136131
74.625		0.136131
74.75		0.136131
74.875		0.136131
75		0.136131
75.125		0.136504
75.25		0.136504
75.375		0.136504
75.5		0.136504
75.625		0.136504
75.75		0.136504
75.875		0.136504
76		0.136504
76.125		0.142871
76.25		0.142871
76.375		0.142871
76.5		0.142871
76.625		0.142871
76.75		0.142871
76.875		0.142871
77		0.142871
77.125		0.143135
77.25		0.143135
77.375		0.143135
77.5		0.143135
77.625		0.143135
77.75		0.143135
77.875		0.143135
78		0.143135
78.125		0.147221
78.25		0.147221
78.375		0.147221
78.5		0.147221
78.625		0.147221
78.75		0.147221
78.875		0.147221
79		0.147221
79.125		0.148059
79.25		0.148059
79.375		0.148059
79.5		0.148059
79.625		0.148059
79.75		0.148059
79.875		0.148059
80		0.148059
80.125		0.148331
80.25		0.148331
80.375		0.148331
80.5		0.148331
80.625		0.148331
80.75		0.148331
80.875		0.148331
81		0.148331
81.125		0.154707
81.25		0.154707
81.375		0.154707
81.5		0.154707
81.625		0.154707
81.75		0.154707
81.875		0.154707
82		0.154707
82.125		0.15517
82.25		0.15517
82.375		0.15517
82.5		0.15517
82.625		0.15517
82.75		0.15517
82.875		0.15517
83		0.15517
83.125		0.157399
83.25		0.157399
83.375		0.157399
83.5		0.157399
83.625		0.157399
83.75		0.157399
83.875		0.157399
84		0.157399
84.125		0.159337
84.25		0.159337
84.375		0.159337
84.5		0.159337
84.625		0.159337
84.75		0.159337
84.875		0.159337
85		0.159337
85.125		0.159882
85.25		0.159882
85.375		0.159882
85.5		0.159882
85.625		0.159882
85.75		0.159882
85.875		0.159882
86		0.159882
86.125		0.164292
86.25		0.164292
86.375		0.164292
86.5		0.164292
86.625		0.164292
86.75		0.164292
86.875		0.164292
87		0.164292
87.125		0.164632
87.25		0.164632
87.375		0.164632
87.5		0.164632
87.625		0.164632
87.75		0.164632
87.875		0.164632
88		0.164632
88.125		0.16648
88.25		0.16648
88.375		0.16648
88.5		0.16648
88.625		0.16648
88.75		0.16648
88.875		0.16648
89		0.16648
89.125		0.167157
89.25		0.167157
89.375		0.167157
89.5		0.167157
89.625		0.167157
89.75		0.167157
89.875		0.167157
90		0.167157
90.125		0.174004
90.25		0.174004
90.375		0.174004
90.5		0.174004
90.625		0.174004
90.75		0.174004
90.875		0.174004
91		0.174004
91.125		0.174978
91.25		0.174978
91.375		0.174978
91.5		0.174978
91.625		0.174978
91.75		0.174978
91.875		0.174978
92		0.174978
92.125		0.17551
92.25		0.17551
92.375		0.17551
92.5		0.17551
92.625		0.17551
92.75		0.17551
92.875		0.17551
93		0.17551
93.125		0.178548
93.25		0.178548
93.375		0.178548
93.5		0.178548
93.625		0.178548
93.75		0.178548
93.875		0.178548
94		0.178548
94.125		0.180428
94.25		0.180428
94.375		0.180428
94.5		0.180428
94.625		0.180428
94.75		0.180428
94.875		0.180428
95		0.180428
95.125		0.18395
95.25		0.18395
95.375		0.18395
95.5		0.18395
95.625		0.18395
95.75		0.18395
95.875		0.18395
96		0.18395
96.125		0.184453
96.25		0.184453
96.375		0.184453
96.5		0.184453
96.625		0.184453
96.75		0.184453
96.875		0.184453
97		0.184453
97.125		0.187455
97.25		0.187455
97.375		0.187455
97.5		0.187455
97.625		0.187455
97.75		0.187455
97.875		0.187455
98		0.187455
98.125		0.188538
98.25		0.188538
98.375		0.188538
98.5		0.188538
98.625		0.188538
98.75		0.188538
98.875		0.188538
99		0.188538
99.125		0.191698
99.25		0.191698
99.375		0.191698
99.5		0.191698
99.625		0.191698
99.75		0.191698
99.875		0.191698
100		0.191698
100.125		0.1928
100.25		0.1928
100.375		0.1928
100.5		0.1928
100.625		0.1928
100.75		0.1928
100.875		0.1928
101		0.1928
101.125		0.194933
101.25		0.194933
101.375		0.194933
101.5		0.194933
101.625		0.194933
101.75		0.194933
101.875		0.194933
102		0.194933
102.125		0.198428
102.25		0.198428
102.375		0.198428
102.5		0.198428
102.625		0.198428
102.75		0.198428
102.875		0.198428
103		0.198428
103.125		0.201175
103.25		0.201175
103.375		0.201175
103.5		0.201175
103.625		0.201175
103.75		0.201175
103.875		0.201175
104		0.201175
104.125		0.201749
104.25		0.201749
104.375		0.201749
104.5		0.201749
104.625		0.201749
104.75		0.201749
104.875		0.201749
105		0.201749
105.125		0.204206
105.25		0.204206
105.375		0.204206
105.5		0.204206
105.625		0.204206
105.75		0.204206
105.875		0.204206
106		0.204206
106.125		0.206832
106.25		0.206832
106.375		0.206832
106.5		0.206832
106.625		0.206832
106.75		0.206832
106.875		0.206832
107		0.206832
107.125		0.210593
107.25		0.210593
107.375		0.210593
107.5		0.210593
107.625		0.210593
107.75		0.210593
107.875		0.210593
108		0.210593
108.125		0.211364
108.25		0.211364
108.375		0.211364
108.5		0.211364
108.625		0.211364
108.75		0.211364
108.875		0.211364
109		0.211364
109.125		0.212399
109.25		0.212399
109.375		0.212399
109.5		0.212399
109.625		0.212399
109.75		0.212399
109.875		0.212399
110		0.212399
110.125		0.214217
110.25		0.214217
110.375		0.214217
110.5		0.214217
110.625		0.214217
110.75		0.214217
110.875		0.214217
111		0.214217
111.125		0.218716
111.25		0.218716
111.375		0.218716
111.5		0.218716
111.625		0.218716
111.75		0.218716
111.875		0.218716
112		0.218716
112.125		0.220281
112.25		0.220281
112.375		0.220281
112.5		0.220281
112.625		0.220281
112.75		0.220281
112.875		0.220281
113		0.220281
113.125		0.22312
113.25		0.22312
113.375		0.22312
113.5		0.22312
113.625		0.22312
113.75		0.22312
113.875		0.22312
114		0.22312
114.125		0.223453
114.25		0.223453
114.375		0.223453
114.5		0.223453
114.625		0.223453
114.75		0.223453
114.875		0.223453
115		0.223453
115.125		0.224815
115.25		0.224815
115.375		0.224815
115.5		0.224815
115.625		0.224815
115.75		0.224815
115.875		0.224815
116		0.224815
116.125		0.230323
116.25		0.230323
116.375		0.230323
116.5		0.230323
116.625		0.230323
116.75		0.230323
116.875		0.230323
117		0.230323
117.125		0.230791
117.25		0.230791
117.375		0.230791
117.5		0.230791
117.625		0.230791
117.75		0.230791
117.875		0.230791
118		0.230791
118.125		0.231109
118.25		0.231109
118.375		0.231109
118.5		0.231109
118.625		0.231109
118.75		0.231109
118.875		0.231109
119		0.231109
119.125		0.232789
119.25		0.232789
119.375		0.232789
119.5		0.232789
119.625		0.232789
119.75		0.232789
119.875		0.232789
120		0.232789
120.125		0.236814
120.25		0.236814
120.375		0.236814
120.5		0.236814
120.625		0.236814
120.75		0.236814
120.875		0.236814
121		0.236814
121.125		0.238141
121.25		0.238141
121.375		0.238141
121.5		0.238141
121.625		0.238141
121.75		0.238141
121.875		0.238141
122		0.238141
122.125		0.24126
122.25		0.24126
122.375		0.24126
122.5		0.24126
122.625		0.24126
122.75		0.24126
122.875		0.24126
123		0.24126
123.125		0.24183
123.25		0.24183
123.375		0.24183
123.5		0.24183
123.625		0.24183
123.75		0.24183
123.875		0.24183
124		0.24183
124.125		0.248864
124.25		0.248864
124.375		0.248864
124.5		0.248864
124.625		0.248864
124.75		0.248864
124.875		0.248864
125		0.248864
125.125		0.248998
125.25		0.248998
125.375		0.248998
125.5		0.248998
125.625		0.248998
125.75		0.248998
125.875		0.248998
126		0.248998
126.125		0.249467
126.25		0.249467
126.375		0.249467
126.5		0.249467
126.625		0.249467
126.75		0.249467
126.875		0.249467
127		0.249467
127.125		0.250582
127.25		0.250582
127.375		0.250582
127.5		0.250582
127.625		0.250582
127.75		0.250582
127.875		0.250582
128		0.250582
128.125		0.254521
128.25		0.254521
128.375		0.254521
128.5		0.254521
128.625		0.254521
128.75		0.254521
128.875		0.254521
129		0.254521
129.125		0.255386
129.25		0.255386
129.375		0.255386
129.5		0.255386
129.625		0.255386
129.75		0.255386
129.875		0.255386
130		0.255386
130.125		0.259751
130.25		0.259751
130.375		0.259751
130.5		0.259751
130.625		0.259751
130.75		0.259751
130.875		0.259751
131		0.259751
131.125		0.261196
131.25		0.261196
131.375		0.261196
131.5		0.261196
131.625		0.261196
131.75		0.261196
131.875		0.261196
132		0.261196
132.125		0.265632
132.25		0.265632
132.375		0.265632
132.5		0.265632
132.625		0.265632
132.75		0.265632
132.875		0.265632
133		0.265632
133.125		0.266466
133.25		0.266466
133.375		0.266466
133.5		0.266466
133.625		0.266466
133.75		0.266466
133.875		0.266466
134		0.266466
134.125		0.266711
134.25		0.266711
134.375		0.266711
134.5		0.266711
134.625		0.266711
134.75		0.266711
134.875		0.266711
135		0.266711
135.125		0.269141
135.25		0.269141
135.375		0.269141
135.5		0.269141
135.625		0.269141
135.75		0.269141
135.875		0.269141
136		0.269141
136.125		0.272871
136.25		0.272871
136.375		0.272871
136.5		0.272871
136.625		0.272871
136.75		0.272871
136.875		0.272871
137		0.272871
137.125		0.27602
137.25		0.27602
137.375		0.27602
137.5		0.27602
137.625		0.27602
137.75		0.27602
137.875		0.27602
138		0.27602
138.125		0.278522
138.25		0.278522
138.375		0.278522
138.5		0.278522
138.625		0.278522
138.75		0.278522
138.875		0.278522
139		0.278522
139.125		0.280129
139.25		0.280129
139.375		0.280129
139.5		0.280129
139.625		0.280129
139.75		0.280129
139.875		0.280129
140		0.280129
140.125		0.280837
140.25		0.280837
140.375		0.280837
140.5		0.280837
140.625		0.280837
140.75		0.280837
140.875		0.280837
141		0.280837
141.125		0.284755
141.25		0.284755
141.375		0.284755
141.5		0.284755
141.625		0.284755
141.75		0.284755
141.875		0.284755
142		0.284755
142.125		0.287917
142.25		0.287917
142.375		0.287917
142.5		0.287917
142.625		0.287917
142.75		0.287917
142.875		0.287917
143		0.287917
143.125		0.290705
143.25		0.290705
143.375		0.290705
143.5		0.290705
143.625		0.290705
143.75		0.290705
143.875		0.290705
144		0.290705
144.125		0.290942
144.25		0.290942
144.375		0.290942
144.5		0.290942
144.625		0.290942
144.75		0.290942
144.875		0.290942
145		0.290942
145.125		0.293337
145.25		0.293337
145.375		0.293337
145.5		0.293337
145.625		0.293337
145.75		0.293337
145.875		0.293337
146		0.293337
146.125		0.295698
146.25		0.295698
146.375		0.295698
146.5		0.295698
146.625		0.295698
146.75		0.295698
146.875		0.295698
147		0.295698
147.125		0.297896
147.25		0.297896
147.375		0.297896
147.5		0.297896
147.625		0.297896
147.75		0.297896
147.875		0.297896
148		0.297896
148.125		0.299359
148.25		0.299359
148.375		0.299359
148.5		0.299359
148.625		0.299359
148.75		0.299359
148.875		0.299359
149		0.299359
149.125		0.301337
149.25		0.301337
149.375		0.301337
149.5		0.301337
149.625		0.301337
149.75		0.301337
149.875		0.301337
150		0.301337
150.125		0.305925
150.25		0.305925
150.375		0.305925
150.5		0.305925
150.625		0.305925
150.75		0.305925
150.875		0.305925
151		0.305925
151.125		0.308211
151.25		0.308211
151.375		0.308211
151.5		0.308211
151.625		0.308211
151.75		0.308211
151.875		0.308211
152		0.308211
152.125		0.309127
152.25		0.309127
152.375		0.309127
152.5		0.309127
152.625		0.309127
152.75		0.309127
152.875		0.309127
153		0.309127
153.125		0.310794
153.25		0.310794
153.375		0.310794
153.5		0.310794
153.625		0.310794
153.75		0.310794
153.875		0.310794
154		0.310794
154.125		0.314723
154.25		0.314723
154.375		0.314723
154.5		0.314723
154.625		0.314723
154.75		0.314723
154.875		0.314723
155		0.314723
155.125		0.315023
155.25		0.315023
155.375		0.315023
155.5		0.315023
155.625		0.315023
155.75		0.315023
155.875		0.315023
156		0.315023
156.125		0.318706
156.25		0.318706
156.375		0.318706
156.5		0.318706
156.625		0.318706
156.75		0.318706
156.875		0.318706
157		0.318706
157.125		0.319079
157.25		0.319079
157.375		0.319079
157.5		0.319079
157.625		0.319079
157.75		0.319079
157.875		0.319079
158		0.319079
158.125		0.322366
158.25		0.322366
158.375		0.322366
158.5		0.322366
158.625		0.322366
158.75		0.322366
158.875		0.322366
159		0.322366
159.125		0.325677
159.25		0.325677
159.375		0.325677
159.5		0.325677
159.625		0.325677
159.75		0.325677
159.875		0.325677
160		0.325677
160.125		0.326932
160.25		0.326932
160.375		0.326932
160.5		0.326932
160.625		0.326932
160.75		0.326932
160.875		0.326932
161		0.326932
161.125		0.32781
161.25		0.32781
161.375		0.32781
161.5		0.32781
161.625		0.32781
161.75		0.32781
161.875		0.32781
162		0.32781
162.125		0.330969
162.25		0.330969
162.375		0.330969
162.5		0.330969
162.625		0.330969
162.75		0.330969
162.875		0.330969
163		0.330969
163.125		0.334604
163.25		0.334604
163.375		0.334604
163.5		0.334604
163.625		0.334604
163.75		0.334604
163.875		0.334604
164		0.334604
164.125		0.337152
164.25		0.337152
164.375		0.337152
164.5		0.337152
164.625		0.337152
164.75		0.337152
164.875		0.337152
165		0.337152
165.125		0.338468
165.25		0.338468
165.375		0.338468
165.5		0.338468
165.625		0.338468
165.75		0.338468
165.875		0.338468
166		0.338468
166.125		0.34028
166.25		0.34028
166.375		0.34028
166.5		0.34028
166.625		0.34028
166.75		0.34028
166.875		0.34028
167		0.34028
167.125		0.34207
167.25		0.34207
167.375		0.34207
167.5		0.34207
167.625		0.34207
167.75		0.34207
167.875		0.34207
168		0.34207
168.125		0.343855
168.25		0.343855
168.375		0.343855
168.5		0.343855
168.625		0.343855
168.75		0.343855
168.875		0.343855
169		0.343855
169.125		0.347226
169.25		0.347226
169.375		0.347226
169.5		0.347226
169.625		0.347226
169.75		0.347226
169.875		0.347226
170		0.347226
170.125		0.351821
170.25		0.351821
170.375		0.351821
170.5		0.351821
170.625		0.351821
170.75		0.351821
170.875		0.351821
171		0.351821
171.125		0.3521
171.25		0.3521
171.375		0.3521
171.5		0.3521
171.625		0.3521
171.75		0.3521
171.875		0.3521
172		0.3521
172.125		0.354695
172.25		0.354695
172.375		0.354695
172.5		0.354695
172.625		0.354695
172.75		0.354695
172.875		0.354695
173		0.354695
173.125		0.356736
173.25		0.356736
173.375		0.356736
173.5		0.356736
173.625		0.356736
173.75		0.356736
173.875		0.356736
174		0.356736
174.125		0.357086
174.25		0.357086
174.375		0.357086
174.5		0.357086
174.625		0.357086
174.75		0.357086
174.875		0.357086
175		0.357086
175.125		0.358037
175.25		0.358037
175.375		0.358037
175.5		0.358037
175.625		0.358037
175.75		0.358037
175.875		0.358037
176		0.358037
176.125		0.363812
176.25		0.363812
176.375		0.363812
176.5		0.363812
176.625		0.363812
176.75		0.363812
176.875		0.363812
177		0.363812
177.125		0.364962
177.25		0.364962
177.375		0.364962
177.5		0.364962
177.625		0.364962
177.75		0.364962
177.875		0.364962
178		0.364962
178.125		0.367416
178.25		0.367416
178.375		0.367416
178.5		0.367416
178.625		0.367416
178.75		0.367416
178.875		0.367416
179		0.367416
179.125		0.367935
179.25		0.367935
179.375		0.367935
179.5		0.367935
179.625		0.367935
179.75		0.367935
179.875		0.367935
180		0.367935
180.125		0.37314
180.25		0.37314
180.375		0.37314
180.5		0.37314
180.625		0.37314
180.75		0.37314
180.875		0.37314
181		0.37314
181.125		0.374355
181.25		0.374355
181.375		0.374355
181.5		0.374355
181.625		0.374355
181.75		0.374355
181.875		0.374355
182		0.374355
182.125		0.374506
182.25		0.374506
182.375		0.374506
182.5		0.374506
182.625		0.374506
182.75		0.374506
182.875		0.374506
183		0.374506
183.125		0.378139
183.25		0.378139
183.375		0.378139
183.5		0.378139
183.625		0.378139
183.75		0.378139
183.875		0.378139
184		0.378139
184.125		0.378518
184.25		0.378518
184.375		0.378518
184.5		0.378518
184.625		0.378518
184.75		0.378518
184.875		0.378518
185		0.378518
185.125		0.384332
185.25		0.384332
185.375		0.384332
185.5		0.384332
185.625		0.384332
185.75		0.384332
185.875		0.384332
186		0.384332
186.125		0.385979
186.25		0.385979
186.375		0.385979
186.5		0.385979
186.625		0.385979
186.75		0.385979
186.875		0.385979
187		0.385979
187.125		0.386501
187.25		0.386501
187.375		0.386501
187.5		0.386501
187.625		0.386501
187.75		0.386501
187.875		0.386501
188		0.386501
188.125		0.389397
188.25		0.389397
188.375		0.389397
188.5		0.389397
188.625		0.389397
188.75		0.389397
188.875		0.389397
189		0.389397
189.125		0.389849
189.25		0.389849
189.375		0.389849
189.5		0.389849
189.625		0.389849
189.75		0.389849
189.875		0.389849
190		0.389849
190.125		0.395286
190.25		0.395286
190.375		0.395286
190.5		0.395286
190.625		0.395286
190.75		0.395286
190.875		0.395286
191		0.395286
191.125		0.398657
191.25		0.398657
191.375		0.398657
191.5		0.398657
191.625		0.398657
191.75		0.398657
191.875		0.398657
192		0.398657
192.125		0.399234
192.25		0.399234
192.375		0.399234
192.5		0.399234
192.625		0.399234
192.75		0.399234
192.875		0.399234
193		0.399234
193.125		0.399399
193.25		0.399399
193.375		0.399399
193.5		0.399399
193.625		0.399399
193.75		0.399399
193.875		0.399399
194		0.399399
194.125		0.406695
194.25		0.406695
194.375		0.406695
194.5		0.406695
194.625		0.406695
194.75		0.406695
194.875		0.406695
195		0.406695
195.125		0.406843
195.25		0.406843
195.375		0.406843
195.5		0.406843
195.625		0.406843
195.75		0.406843
195.875		0.406843
196		0.406843
196.125		0.407026
196.25		0.407026
196.375		0.407026
196.5		0.407026
196.625		0.407026
196.75		0.407026
196.875		0.407026
197		0.407026
197.125		0.41241
197.25		0.41241
197.375		0.41241
197.5		0.41241
197.625		0.41241
197.75		0.41241
197.875		0.41241
198		0.41241
198.125		0.413336
198.25		0.413336
198.375		0.413336
198.5		0.413336
198.625		0.413336
198.75		0.413336
198.875		0.413336
199		0.413336
199.125		0.414577
199.25		0.414577
199.375		0.414577
199.5		0.414577
199.625		0.414577
199.75		0.414577
199.875		0.414577
200		0.414577
200.125		0.416997
200.25		0.416997
200.375		0.416997
200.5		0.416997
200.625		0.416997
200.75		0.416997
200.875		0.416997
201		0.416997
201.125		0.418859
201.25		0.418859
201.375		0.418859
201.5		0.418859
201.625		0.418859
201.75		0.418859
201.875		0.418859
202		0.418859
202.125		0.423169
202.25		0.423169
202.375		0.423169
202.5		0.423169
202.625		0.423169
202.75		0.423169
202.875		0.423169
203		0.423169
203.125		0.425009
203.25		0.425009
203.375		0.425009
203.5		0.425009
203.625		0.425009
203.75		0.425009
203.875		0.425009
204		0.425009
204.125		0.425717
204.25		0.425717
204.375		0.425717
204.5		0.425717
204.625		0.425717
204.75		0.425717
204.875		0.425717
205		0.425717
205.125		0.426149
205.25		0.426149
205.375		0.426149
205.5		0.426149
205.625		0.426149
205.75		0.426149
205.875		0.426149
206		0.426149
206.125		0.429225
206.25		0.429225
206.375		0.429225
206.5		0.429225
206.625		0.429225
206.75		0.429225
206.875		0.429225
207		0.429225
207.125		0.431959
207.25		0.431959
207.375		0.431959
207.5		0.431959
207.625		0.431959
207.75		0.431959
207.875		0.431959
208		0.431959
208.125		0.434764
208.25		0.434764
208.375		0.434764
208.5		0.434764
208.625		0.434764
208.75		0.434764
208.875		0.434764
209		0.434764
209.125		0.436036
209.25		0.436036
209.375		0.436036
209.5		0.436036
209.625		0.436036
209.75		0.436036
209.875		0.436036
210		0.436036
210.125		0.437429
210.25		0.437429
210.375		0.437429
210.5		0.437429
210.625		0.437429
210.75		0.437429
210.875		0.437429
211		0.437429
211.125		0.440069
211.25		0.440069
211.375		0.440069
211.5		0.440069
211.625		0.440069
211.75		0.440069
211.875		0.440069
212		0.440069
212.125		0.442705
212.25		0.442705
212.375		0.442705
212.5		0.442705
212.625		0.442705
212.75		0.442705
212.875		0.442705
213		0.442705
213.125		0.442992
213.25		0.442992
213.375		0.442992
213.5		0.442992
213.625		0.442992
213.75		0.442992
213.875		0.442992
214		0.442992
214.125		0.445446
214.25		0.445446
214.375		0.445446
214.5		0.445446
214.625		0.445446
214.75		0.445446
214.875		0.445446
215		0.445446
215.125		0.448941
215.25		0.448941
215.375		0.448941
215.5		0.448941
215.625		0.448941
215.75		0.448941
215.875		0.448941
216		0.448941
216.125		0.450944
216.25		0.450944
216.375		0.450944
216.5		0.450944
216.625		0.450944
216.75		0.450944
216.875		0.450944
217		0.450944
217.125		0.452741
217.25		0.452741
217.375		0.452741
217.5		0.452741
217.625		0.452741
217.75		0.452741
217.875		0.452741
218		0.452741
218.125		0.453961
218.25		0.453961
218.375		0.453961
218.5		0.453961
218.625		0.453961
218.75		0.453961
218.875		0.453961
219		0.453961
219.125		0.457841
219.25		0.457841
219.375		0.457841
219.5		0.457841
219.625		0.457841
219.75		0.457841
219.875		0.457841
220		0.457841
220.125		0.459756
220.25		0.459756
220.375		0.459756
220.5		0.459756
220.625		0.459756
220.75		0.459756
220.875		0.459756
221		0.459756
221.125		0.461985
221.25		0.461985
221.375		0.461985
221.5		0.461985
221.625		0.461985
221.75		0.461985
221.875		0.461985
222		0.461985
222.125		0.46236
222.25		0.46236
222.375		0.46236
222.5		0.46236
222.625		0.46236
222.75		0.46236
222.875		0.46236
223		0.46236
223.125		0.464244
223.25		0.464244
223.375		0.464244
223.5		0.464244
223.625		0.464244
223.75		0.464244
223.875		0.464244
224		0.464244
224.125		0.468583
224.25		0.468583
224.375		0.468583
224.5		0.468583
224.625		0.468583
224.75		0.468583
224.875		0.468583
225		0.468583
225.125		0.470844
225.25		0.470844
225.375		0.470844
225.5		0.470844
225.625		0.470844
225.75		0.470844
225.875		0.470844
226		0.470844
226.125		0.471359
226.25		0.471359
226.375		0.471359
226.5		0.471359
226.625		0.471359
226.75		0.471359
226.875		0.471359
227		0.471359
227.125		0.472742
227.25		0.472742
227.375		0.472742
227.5		0.472742
227.625		0.472742
227.75		0.472742
227.875		0.472742
228		0.472742
228.125		0.479351
228.25		0.479351
228.375		0.479351
228.5		0.479351
228.625		0.479351
228.75		0.479351
228.875		0.479351
229		0.479351
229.125		0.47969
229.25		0.47969
229.375		0.47969
229.5		0.47969
229.625		0.47969
229.75		0.47969
229.875		0.47969
230		0.47969
230.125		0.479923
230.25		0.479923
230.375		0.479923
230.5		0.479923
230.625		0.479923
230.75		0.479923
230.875		0.479923
231		0.479923
231.125		0.481075
231.25		0.481075
231.375		0.481075
231.5		0.481075
231.625		0.481075
231.75		0.481075
231.875		0.481075
232		0.481075
232.125		0.485653
232.25		0.485653
232.375		0.485653
232.5		0.485653
232.625		0.485653
232.75		0.485653
232.875		0.485653
233		0.485653
233.125		0.486344
233.25		0.486344
233.375		0.486344
233.5		0.486344
233.625		0.486344
233.75		0.486344
233.875		0.486344
234		0.486344
234.125		0.490042
234.25		0.490042
234.375		0.490042
234.5		0.490042
234.625		0.490042
234.75		0.490042
234.875		0.490042
235		0.490042
235.125		0.490369
235.25		0.490369
235.375		0.490369
235.5		0.490369
235.625		0.490369
235.75		0.490369
235.875		0.490369
236		0.490369
236.125		0.493881
236.25		0.493881
236.375		0.493881
236.5		0.493881
236.625		0.493881
236.75		0.493881
236.875		0.493881
237		0.493881
237.125		0.495176
237.25		0.495176
237.375		0.495176
237.5		0.495176
237.625		0.495176
237.75		0.495176
237.875		0.495176
238		0.495176
238.125		0.498256
238.25		0.498256
238.375		0.498256
238.5		0.498256
238.625		0.498256
238.75		0.498256
238.875		0.498256
239		0.498256
239.125		0.49853
239.25		0.49853
239.375		0.49853
239.5		0.49853
239.625		0.49853
239.75		0.49853
239.875		0.49853
240		0.49853
240.125		0.503749
240.25		0.503749
240.375		0.503749
240.5		0.503749
240.625		0.503749
240.75		0.503749
240.875		0.503749
241		0.503749
241.125		0.504139
241.25		0.504139
241.375		0.504139
241.5		0.504139
241.625		0.504139
241.75		0.504139
241.875		0.504139
242		0.504139
242.125		0.507496
242.25		0.507496
242.375		0.507496
242.5		0.507496
242.625		0.507496
242.75		0.507496
242.875		0.507496
243		0.507496
243.125		0.507856
243.25		0.507856
243.375		0.507856
243.5		0.507856
243.625		0.507856
243.75		0.507856
243.875		0.507856
244		0.507856
244.125		0.511521
244.25		0.511521
244.375		0.511521
244.5		0.511521
244.625		0.511521
244.75		0.511521
244.875		0.511521
245		0.511521
245.125		0.514506
245.25		0.514506
245.375		0.514506
245.5		0.514506
245.625		0.514506
245.75		0.514506
245.875		0.514506
246		0.514506
246.125		0.516249
246.25		0.516249
246.375		0.516249
246.5		0.516249
246.625		0.516249
246.75		0.516249
246.875		0.516249
247		0.516249
247.125		0.517852
247.25		0.517852
247.375		0.517852
247.5		0.517852
247.625		0.517852
247.75		0.517852
247.875		0.517852
248		0.517852
248.125		0.518219
248.25		0.518219
248.375		0.518219
248.5		0.518219
248.625		0.518219
248.75		0.518219
248.875		0.518219
249		0.518219
249.125		0.522833
249.25		0.522833
249.375		0.522833
249.5		0.522833
249.625		0.522833
249.75		0.522833
249.875		0.522833
250		0.522833
250.125		0.524899
250.25		0.524899
250.375		0.524899
250.5		0.524899
250.625		0.524899
250.75		0.524899
250.875		0.524899
251		0.524899
251.125		0.526195
251.25		0.526195
251.375		0.526195
251.5		0.526195
251.625		0.526195
251.75		0.526195
251.875		0.526195
252		0.526195
252.125		0.528861
252.25		0.528861
252.375		0.528861
252.5		0.528861
252.625		0.528861
252.75		0.528861
252.875		0.528861
253		0.528861
253.125		0.529435
253.25		0.529435
253.375		0.529435
253.5		0.529435
253.625		0.529435
253.75		0.529435
253.875		0.529435
254		0.529435
254.125		0.536177
254.25		0.536177
254.375		0.536177
254.5		0.536177
254.625		0.536177
254.75		0.536177
254.875		0.536177
255		0.536177
255.125		0.536783
255.25		0.536783
255.375		0.536783
255.5		0.536783
255.625		0.536783
255.75		0.536783
255.875		0.536783
256		0.536783
256.125		0.538978
256.25		0.538978
256.375		0.538978
256.5		0.538978
256.625		0.538978
256.75		0.538978
256.875		0.538978
257		0.538978
257.125		0.539519
257.25		0.539519
257.375		0.539519
257.5		0.539519
257.625		0.539519
257.75		0.539519
257.875		0.539519
258		0.539519
258.125		0.540592
258.25		0.540592
258.375		0.540592
258.5		0.540592
258.625		0.540592
258.75		0.540592
258.875		0.540592
259		0.540592
259.125		0.544879
259.25		0.544879
259.375		0.544879
259.5		0.544879
259.625		0.544879
259.75		0.544879
259.875		0.544879
260		0.544879
260.125		0.54521
260.25		0.54521
260.375		0.54521
260.5		0.54521
260.625		0.54521
260.75		0.54521
260.875		0.54521
261		0.54521
261.125		0.547236
261.25		0.547236
261.375		0.547236
261.5		0.547236
261.625		0.547236
261.75		0.547236
261.875		0.547236
262		0.547236
262.125		0.548055
262.25		0.548055
262.375		0.548055
262.5		0.548055
262.625		0.548055
262.75		0.548055
262.875		0.548055
263		0.548055
263.125		0.552436
263.25		0.552436
263.375		0.552436
263.5		0.552436
263.625		0.552436
263.75		0.552436
263.875		0.552436
264		0.552436
264.125		0.553161
264.25		0.553161
264.375		0.553161
264.5		0.553161
264.625		0.553161
264.75		0.553161
264.875		0.553161
265		0.553161
265.125		0.555868
265.25		0.555868
265.375		0.555868
265.5		0.555868
265.625		0.555868
265.75		0.555868
265.875		0.555868
266		0.555868
266.125		0.559206
266.25		0.559206
266.375		0.559206
266.5		0.559206
266.625		0.559206
266.75		0.559206
266.875		0.559206
267		0.559206
267.125		0.55943
267.25		0.55943
267.375		0.55943
267.5		0.55943
267.625		0.55943
267.75		0.55943
267.875		0.55943
268		0.55943
268.125		0.562782
268.25		0.562782
268.375		0.562782
268.5		0.562782
268.625		0.562782
268.75		0.562782
268.875		0.562782
269		0.562782
269.125		0.565336
269.25		0.565336
269.375		0.565336
269.5		0.565336
269.625		0.565336
269.75		0.565336
269.875		0.565336
270		0.565336
270.125		0.56898
270.25		0.56898
270.375		0.56898
270.5		0.56898
270.625		0.56898
270.75		0.56898
270.875		0.56898
271		0.56898
271.125		0.5707
271.25		0.5707
271.375		0.5707
271.5		0.5707
271.625		0.5707
271.75		0.5707
271.875		0.5707
272		0.5707
272.125		0.572519
272.25		0.572519
272.375		0.572519
272.5		0.572519
272.625		0.572519
272.75		0.572519
272.875		0.572519
273		0.572519
273.125		0.573642
273.25		0.573642
273.375		0.573642
273.5		0.573642
273.625		0.573642
273.75		0.573642
273.875		0.573642
274		0.573642
274.125		0.576141
274.25		0.576141
274.375		0.576141
274.5		0.576141
274.625		0.576141
274.75		0.576141
274.875		0.576141
275		0.576141
275.125		0.580537
275.25		0.580537
275.375		0.580537
275.5		0.580537
275.625		0.580537
275.75		0.580537
275.875		0.580537
276		0.580537
276.125		0.58272
276.25		0.58272
276.375		0.58272
276.5		0.58272
276.625		0.58272
276.75		0.58272
276.875		0.58272
277		0.58272
277.125		0.583045
277.25		0.583045
277.375		0.583045
277.5		0.583045
277.625		0.583045
277.75		0.583045
277.875		0.583045
278		0.583045
278.125		0.583952
278.25		0.583952
278.375		0.583952
278.5		0.583952
278.625		0.583952
278.75		0.583952
278.875		0.583952
279		0.583952
279.125		0.584334
279.25		0.584334
279.375		0.584334
279.5		0.584334
279.625		0.584334
279.75		0.584334
279.875		0.584334
280		0.584334
280.125		0.592966
280.25		0.592966
280.375		0.592966
280.5		0.592966
280.625		0.592966
280.75		0.592966
280.875		0.592966
281		0.592966
281.125		0.594787
281.25		0.594787
281.375		0.594787
281.5		0.594787
281.625		0.594787
281.75		0.594787
281.875		0.594787
282		0.594787
282.125		0.59636
282.25		0.59636
282.375		0.59636
282.5		0.59636
282.625		0.59636
282.75		0.59636
282.875		0.59636
283		0.59636
283.125		0.60142
283.25		0.60142
283.375		0.60142
283.5		0.60142
283.625		0.60142
283.75		0.60142
283.875		0.60142
284		0.60142
284.125		0.603691
284.25		0.603691
284.375		0.603691
284.5		0.603691
284.625		0.603691
284.75		0.603691
284.875		0.603691
285		0.603691
285.125		0.606308
285.25		0.606308
285.375		0.606308
285.5		0.606308
285.625		0.606308
285.75		0.606308
285.875		0.606308
286		0.606308
286.125		0.60727
286.25		0.60727
286.375		0.60727
286.5		0.60727
286.625		0.60727
286.75		0.60727
286.875		0.60727
287		0.60727
287.125		0.611607
287.25		0.611607
287.375		0.611607
287.5		0.611607
287.625		0.611607
287.75		0.611607
287.875		0.611607
288		0.611607
288.125		0.614337
288.25		0.614337
288.375		0.614337
288.5		0.614337
288.625		0.614337
288.75		0.614337
288.875		0.614337
289		0.614337
289.125		0.614718
289.25		0.614718
289.375		0.614718
289.5		0.614718
289.625		0.614718
289.75		0.614718
289.875		0.614718
290		0.614718
290.125		0.614867
290.25		0.614867
290.375		0.614867
290.5		0.614867
290.625		0.614867
290.75		0.614867
290.875		0.614867
291		0.614867
291.125		0.616717
291.25		0.616717
291.375		0.616717
291.5		0.616717
291.625		0.616717
291.75		0.616717
291.875		0.616717
292		0.616717
292.125		0.623384
292.25		0.623384
292.375		0.623384
292.5		0.623384
292.625		0.623384
292.75		0.623384
292.875		0.623384
293		0.623384
293.125		0.623655
293.25		0.623655
293.375		0.623655
293.5		0.623655
293.625		0.623655
293.75		0.623655
293.875		0.623655
294		0.623655
294.125		0.626093
294.25		0.626093
294.375		0.626093
294.5		0.626093
294.625		0.626093
294.75		0.626093
294.875		0.626093
295		0.626093
295.125		0.626445
295.25		0.626445
295.375		0.626445
295.5		0.626445
295.625		0.626445
295.75		0.626445
295.875		0.626445
296		0.626445
296.125		0.631074
296.25		0.631074
296.375		0.631074
296.5		0.631074
296.625		0.631074
296.75		0.631074
296.875		0.631074
297		0.631074
297.125		0.634057
297.25		0.634057
297.375		0.634057
297.5		0.634057
297.625		0.634057
297.75		0.634057
297.875		0.634057
298		0.634057
298.125		0.635088
298.25		0.635088
298.375		0.635088
298.5		0.635088
298.625		0.635088
298.75		0.635088
298.875		0.635088
299		0.635088
299.125		0.635371
299.25		0.635371
299.375		0.635371
299.5		0.635371
299.625		0.635371
299.75		0.635371
299.875		0.635371
300		0.635371
300.125		0.63754
300.25		0.63754
300.375		0.63754
300.5		0.63754
300.625		0.63754
300.75		0.63754
300.875		0.63754
301		0.63754
301.125		0.64354
301.25		0.64354
301.375		0.64354
301.5		0.64354
301.625		0.64354
301.75		0.64354
301.875		0.64354
302		0.64354
302.125		0.644299
302.25		0.644299
302.375		0.644299
302.5		0.644299
302.625		0.644299
302.75		0.644299
302.875		0.644299
303		0.644299
303.125		0.647083
303.25		0.647083
303.375		0.647083
303.5		0.647083
303.625		0.647083
303.75		0.647083
303.875		0.647083
304		0.647083
304.125		0.649887
304.25		0.649887
304.375		0.649887
304.5		0.649887
304.625		0.649887
304.75		0.649887
304.875		0.649887
305		0.649887
305.125		0.651265
305.25		0.651265
305.375		0.651265
305.5		0.651265
305.625		0.651265
305.75		0.651265
305.875		0.651265
306		0.651265
306.125		0.657541
306.25		0.657541
306.375		0.657541
306.5		0.657541
306.625		0.657541
306.75		0.657541
306.875		0.657541
307		0.657541
307.125		0.659579
307.25		0.659579
307.375		0.659579
307.5		0.659579
307.625		0.659579
307.75		0.659579
307.875		0.659579
308		0.659579
308.125		0.661614
308.25		0.661614
308.375		0.661614
308.5		0.661614
308.625		0.661614
308.75		0.661614
308.875		0.661614
309		0.661614
309.125		0.664903
309.25		0.664903
309.375		0.664903
309.5		0.664903
309.625		0.664903
309.75		0.664903
309.875		0.664903
310		0.664903
310.125		0.666546
310.25		0.666546
310.375		0.666546
310.5		0.666546
310.625		0.666546
310.75		0.666546
310.875		0.666546
311		0.666546
311.125		0.670839
311.25		0.670839
311.375		0.670839
311.5		0.670839
311.625		0.670839
311.75		0.670839
311.875		0.670839
312		0.670839
312.125		0.673533
312.25		0.673533
312.375		0.673533
312.5		0.673533
312.625		0.673533
312.75		0.673533
312.875		0.673533
313		0.673533
313.125		0.674162
313.25		0.674162
313.375		0.674162
313.5		0.674162
313.625		0.674162
313.75		0.674162
313.875		0.674162
314		0.674162
314.125		0.676618
314.25		0.676618
314.375		0.676618
314.5		0.676618
314.625		0.676618
314.75		0.676618
314.875		0.676618
315		0.676618
315.125		0.678943
315.25		0.678943
315.375		0.678943
315.5		0.678943
315.625		0.678943
315.75		0.678943
315.875		0.678943
316		0.678943
316.125		0.681334
316.25		0.681334
316.375		0.681334
316.5		0.681334
316.625		0.681334
316.75		0.681334
316.875		0.681334
317		0.681334
317.125		0.683842
317.25		0.683842
317.375		0.683842
317.5		0.683842
317.625		0.683842
317.75		0.683842
317.875		0.683842
318		0.683842
318.125		0.685296
318.25		0.685296
318.375		0.685296
318.5		0.685296
318.625		0.685296
318.75		0.685296
318.875		0.685296
319		0.685296
319.125		0.686781
319.25		0.686781
319.375		0.686781
319.5		0.686781
319.625		0.686781
319.75		0.686781
319.875		0.686781
320		0.686781
320.125		0.688793
320.25		0.688793
320.375		0.688793
320.5		0.688793
320.625		0.688793
320.75		0.688793
320.875		0.688793
321		0.688793
321.125		0.691119
321.25		0.691119
321.375		0.691119
321.5		0.691119
321.625		0.691119
321.75		0.691119
321.875		0.691119
322		0.691119
322.125		0.692851
322.25		0.692851
322.375		0.692851
322.5		0.692851
322.625		0.692851
322.75		0.692851
322.875		0.692851
323		0.692851
323.125		0.698022
323.25		0.698022
323.375		0.698022
323.5		0.698022
323.625		0.698022
323.75		0.698022
323.875		0.698022
324		0.698022
324.125		0.698406
324.25		0.698406
324.375		0.698406
324.5		0.698406
324.625		0.698406
324.75		0.698406
324.875		0.698406
325		0.698406
325.125		0.699271
325.25		0.699271
325.375		0.699271
325.5		0.699271
325.625		0.699271
325.75		0.699271
325.875		0.699271
326		0.699271
326.125		0.700426
326.25		0.700426
326.375		0.700426
326.5		0.700426
326.625		0.700426
326.75		0.700426
326.875		0.700426
327		0.700426
327.125		0.70304
327.25		0.70304
327.375		0.70304
327.5		0.70304
327.625		0.70304
327.75		0.70304
327.875		0.70304
328		0.70304
328.125		0.709965
328.25		0.709965
328.375		0.709965
328.5		0.709965
328.625		0.709965
328.75		0.709965
328.875		0.709965
329		0.709965
329.125		0.710321
329.25		0.710321
329.375		0.710321
329.5		0.710321
329.625		0.710321
329.75		0.710321
329.875		0.710321
330		0.710321
330.125		0.711034
330.25		0.711034
330.375		0.711034
330.5		0.711034
330.625		0.711034
330.75		0.711034
330.875		0.711034
331		0.711034
331.125		0.713554
331.25		0.713554
331.375		0.713554
331.5		0.713554
331.625		0.713554
331.75		0.713554
331.875		0.713554
332		0.713554
332.125		0.71755
332.25		0.71755
332.375		0.71755
332.5		0.71755
332.625		0.71755
332.75		0.71755
332.875		0.71755
333		0.71755
333.125		0.717904
333.25		0.717904
333.375		0.717904
333.5		0.717904
333.625		0.717904
333.75		0.717904
333.875		0.717904
334		0.717904
334.125		0.721568
334.25		0.721568
334.375		0.721568
334.5		0.721568
334.625		0.721568
334.75		0.721568
334.875		0.721568
335		0.721568
335.125		0.724602
335.25		0.724602
335.375		0.724602
335.5		0.724602
335.625		0.724602
335.75		0.724602
335.875		0.724602
336		0.724602
336.125		0.725964
336.25		0.725964
336.375		0.725964
336.5		0.725964
336.625		0.725964
336.75		0.725964
336.875		0.725964
337		0.725964
337.125		0.726762
337.25		0.726762
337.375		0.726762
337.5		0.726762
337.625		0.726762
337.75		0.726762
337.875		0.726762
338		0.726762
338.125		0.72741
338.25		0.72741
338.375		0.72741
338.5		0.72741
338.625		0.72741
338.75		0.72741
338.875		0.72741
339		0.72741
339.125		0.728307
339.25		0.728307
339.375		0.728307
339.5		0.728307
339.625		0.728307
339.75		0.728307
339.875		0.728307
340		0.728307
340.125		0.733394
340.25		0.733394
340.375		0.733394
340.5		0.733394
340.625		0.733394
340.75		0.733394
340.875		0.733394
341		0.733394
341.125		0.736021
341.25		0.736021
341.375		0.736021
341.5		0.736021
341.625		0.736021
341.75		0.736021
341.875		0.736021
342		0.736021
342.125		0.739753
342.25		0.739753
342.375		0.739753
342.5		0.739753
342.625		0.739753
342.75		0.739753
342.875		0.739753
343		0.739753
343.125		0.741842
343.25		0.741842
343.375		0.741842
343.5		0.741842
343.625		0.741842
343.75		0.741842
343.875		0.741842
344		0.741842
344.125		0.744582
344.25		0.744582
344.375		0.744582
344.5		0.744582
344.625		0.744582
344.75		0.744582
344.875		0.744582
345		0.744582
345.125		0.750545
345.25		0.750545
345.375		0.750545
345.5		0.750545
345.625		0.750545
345.75		0.750545
345.875		0.750545
346		0.750545
346.125		0.751119
346.25		0.751119
346.375		0.751119
346.5		0.751119
346.625		0.751119
346.75		0.751119
346.875		0.751119
347		0.751119
347.125		0.752018
347.25		0.752018
347.375		0.752018
347.5		0.752018
347.625		0.752018
347.75		0.752018
347.875		0.752018
348		0.752018
348.125		0.752904
348.25		0.752904
348.375		0.752904
348.5		0.752904
348.625		0.752904
348.75		0.752904
348.875		0.752904
349		0.752904
349.125		0.756387
349.25		0.756387
349.375		0.756387
349.5		0.756387
349.625		0.756387
349.75		0.756387
349.875		0.756387
350		0.756387
350.125		0.762869
350.25		0.762869
350.375		0.762869
350.5		0.762869
350.625		0.762869
350.75		0.762869
350.875		0.762869
351		0.762869
351.125		0.763513
351.25		0.763513
351.375		0.763513
351.5		0.763513
351.625		0.763513
351.75		0.763513
351.875		0.763513
352		0.763513
352.125		0.764313
352.25		0.764313
352.375		0.764313
352.5		0.764313
352.625		0.764313
352.75		0.764313
352.875		0.764313
353		0.764313
353.125		0.764839
353.25		0.764839
353.375		0.764839
353.5		0.764839
353.625		0.764839
353.75		0.764839
353.875		0.764839
354		0.764839
354.125		0.766725
354.25		0.766725
354.375		0.766725
354.5		0.766725
354.625		0.766725
354.75		0.766725
354.875		0.766725
355		0.766725
355.125		0.767936
355.25		0.767936
355.375		0.767936
355.5		0.767936
355.625		0.767936
355.75		0.767936
355.875		0.767936
356		0.767936
356.125		0.774441
356.25		0.774441
356.375		0.774441
356.5		0.774441
356.625		0.774441
356.75		0.774441
356.875		0.774441
357		0.774441
357.125		0.7748
357.25		0.7748
357.375		0.7748
357.5		0.7748
357.625		0.7748
357.75		0.7748
357.875		0.7748
358		0.7748
358.125		0.77599
358.25		0.77599
358.375		0.77599
358.5		0.77599
358.625		0.77599
358.75		0.77599
358.875		0.77599
359		0.77599
359.125		0.778724
359.25		0.778724
359.375		0.778724
359.5		0.778724
359.625		0.778724
359.75		0.778724
359.875		0.778724
360		0.778724
360.125		0.781022
360.25		0.781022
360.375		0.781022
360.5		0.781022
360.625		0.781022
360.75		0.781022
360.875		0.781022
361		0.781022
361.125		0.785378
361.25		0.785378
361.375		0.785378
361.5		0.785378
361.625		0.785378
361.75		0.785378
361.875		0.785378
362		0.785378
362.125		0.785709
362.25		0.785709
362.375		0.785709
362.5		0.785709
362.625		0.785709
362.75		0.785709
362.875		0.785709
363		0.785709
363.125		0.786227
363.25		0.786227
363.375		0.786227
363.5		0.786227
363.625		0.786227
363.75		0.786227
363.875		0.786227
364		0.786227
364.125		0.788085
364.25		0.788085
364.375		0.788085
364.5		0.788085
364.625		0.788085
364.75		0.788085
364.875		0.788085
365		0.788085
365.125		0.793141
365.25		0.793141
365.375		0.793141
365.5		0.793141
365.625		0.793141
365.75		0.793141
365.875		0.793141
366		0.793141
366.125		0.793397
366.25		0.793397
366.375		0.793397
366.5		0.793397
366.625		0.793397
366.75		0.793397
366.875		0.793397
367		0.793397
367.125		0.796479
367.25		0.796479
367.375		0.796479
367.5		0.796479
367.625		0.796479
367.75		0.796479
367.875		0.796479
368		0.796479
368.125		0.796944
368.25		0.796944
368.375		0.796944
368.5		0.796944
368.625		0.796944
368.75		0.796944
368.875		0.796944
369		0.796944
369.125		0.801405
369.25		0.801405
369.375		0.801405
369.5		0.801405
369.625		0.801405
369.75		0.801405
369.875		0.801405
370		0.801405
370.125		0.805748
370.25		0.805748
370.375		0.805748
370.5		0.805748
370.625		0.805748
370.75		0.805748
370.875		0.805748
371		0.805748
371.125		0.807579
371.25		0.807579
371.375		0.807579
371.5		0.807579
371.625		0.807579
371.75		0.807579
371.875		0.807579
372		0.807579
372.125		0.808254
372.25		0.808254
372.375		0.808254
372.5		0.808254
372.625		0.808254
372.75		0.808254
372.875		0.808254
373		0.808254
373.125		0.814443
373.25		0.814443
373.375		0.814443
373.5		0.814443
373.625		0.814443
373.75		0.814443
373.875		0.814443
374		0.814443
374.125		0.817936
374.25		0.817936
374.375		0.817936
374.5		0.817936
374.625		0.817936
374.75		0.817936
374.875		0.817936
375		0.817936
375.125		0.81921
375.25		0.81921
375.375		0.81921
375.5		0.81921
375.625		0.81921
375.75		0.81921
375.875		0.81921
376		0.81921
376.125		0.822751
376.25		0.822751
376.375		0.822751
376.5		0.822751
376.625		0.822751
376.75		0.822751
376.875		0.822751
377		0.822751
377.125		0.824588
377.25		0.824588
377.375		0.824588
377.5		0.824588
377.625		0.824588
377.75		0.824588
377.875		0.824588
378		0.824588
378.125		0.828733
378.25		0.828733
378.375		0.828733
378.5		0.828733
378.625		0.828733
378.75		0.828733
378.875		0.828733
379		0.828733
379.125		0.829311
379.25		0.829311
379.375		0.829311
379.5		0.829311
379.625		0.829311
379.75		0.829311
379.875		0.829311
380		0.829311
380.125		0.83203
380.25		0.83203
380.375		0.83203
380.5		0.83203
380.625		0.83203
380.75		0.83203
380.875		0.83203
381		0.83203
381.125		0.834869
381.25		0.834869
381.375		0.834869
381.5		0.834869
381.625		0.834869
381.75		0.834869
381.875		0.834869
382		0.834869
382.125		0.835775
382.25		0.835775
382.375		0.835775
382.5		0.835775
382.625		0.835775
382.75		0.835775
382.875		0.835775
383		0.835775
383.125		0.836692
383.25		0.836692
383.375		0.836692
383.5		0.836692
383.625		0.836692
383.75		0.836692
383.875		0.836692
384		0.836692
384.125		0.841907
384.25		0.841907
384.375		0.841907
384.5		0.841907
384.625		0.841907
384.75		0.841907
384.875		0.841907
385		0.841907
385.125		0.844017
385.25		0.844017
385.375		0.844017
385.5		0.844017
385.625		0.844017
385.75		0.844017
385.875		0.844017
386		0.844017
386.125		0.8468
386.25		0.8468
386.375		0.8468
386.5		0.8468
386.625		0.8468
386.75		0.8468
386.875		0.8468
387		0.8468
387.125		0.847466
387.25		0.847466
387.375		0.847466
387.5		0.847466
387.625		0.847466
387.75		0.847466
387.875		0.847466
388		0.847466
388.125		0.849808
388.25		0.849808
388.375		0.849808
388.5		0.849808
388.625		0.849808
388.75		0.849808
388.875		0.849808
389		0.849808
389.125		0.85283
389.25		0.85283
389.375		0.85283
389.5		0.85283
389.625		0.85283
389.75		0.85283
389.875		0.85283
390		0.85283
390.125		0.854493
390.25		0.854493
390.375		0.854493
390.5		0.854493
390.625		0.854493
390.75		0.854493
390.875		0.854493
391		0.854493
391.125		0.855093
391.25		0.855093
391.375		0.855093
391.5		0.855093
391.625		0.855093
391.75		0.855093
391.875		0.855093
392		0.855093
392.125		0.857573
392.25		0.857573
392.375		0.857573
392.5		0.857573
392.625		0.857573
392.75		0.857573
392.875		0.857573
393		0.857573
393.125		0.861315
393.25		0.861315
393.375		0.861315
393.5		0.861315
393.625		0.861315
393.75		0.861315
393.875		0.861315
394		0.861315
394.125		0.863199
394.25		0.863199
394.375		0.863199
394.5		0.863199
394.625		0.863199
394.75		0.863199
394.875		0.863199
395		0.863199
395.125		0.863643
395.25		0.863643
395.375		0.863643
395.5		0.863643
395.625		0.863643
395.75		0.863643
395.875		0.863643
396		0.863643
396.125		0.864565
396.25		0.864565
396.375		0.864565
396.5		0.864565
396.625		0.864565
396.75		0.864565
396.875		0.864565
397		0.864565
397.125		0.866899
397.25		0.866899
397.375		0.866899
397.5		0.866899
397.625		0.866899
397.75		0.866899
397.875		0.866899
398		0.866899
398.125		0.872169
398.25		0.872169
398.375		0.872169
398.5		0.872169
398.625		0.872169
398.75		0.872169
398.875		0.872169
399		0.872169
399.125		0.872539
399.25		0.872539
399.375		0.872539
399.5		0.872539
399.625		0.872539
399.75		0.872539
399.875		0.872539
400		0.872539
400.125		0.875234
400.25		0.875234
400.375		0.875234
400.5		0.875234
400.625		0.875234
400.75		0.875234
400.875		0.875234
401		0.875234
401.125		0.877164
401.25		0.877164
401.375		0.877164
401.5		0.877164
401.625		0.877164
401.75		0.877164
401.875		0.877164
402		0.877164
402.125		0.879496
402.25		0.879496
402.375		0.879496
402.5		0.879496
402.625		0.879496
402.75		0.879496
402.875		0.879496
403		0.879496
403.125		0.882726
403.25		0.882726
403.375		0.882726
403.5		0.882726
403.625		0.882726
403.75		0.882726
403.875		0.882726
404		0.882726
404.125		0.884551
404.25		0.884551
404.375		0.884551
404.5		0.884551
404.625		0.884551
404.75		0.884551
404.875		0.884551
405		0.884551
405.125		0.886982
405.25		0.886982
405.375		0.886982
405.5		0.886982
405.625		0.886982
405.75		0.886982
405.875		0.886982
406		0.886982
406.125		0.888371
406.25		0.888371
406.375		0.888371
406.5		0.888371
406.625		0.888371
406.75		0.888371
406.875		0.888371
407		0.888371
407.125		0.890284
407.25		0.890284
407.375		0.890284
407.5		0.890284
407.625		0.890284
407.75		0.890284
407.875		0.890284
408		0.890284
408.125		0.893513
408.25		0.893513
408.375		0.893513
408.5		0.893513
408.625		0.893513
408.75		0.893513
408.875		0.893513
409		0.893513
409.125		0.895025
409.25		0.895025
409.375		0.895025
409.5		0.895025
409.625		0.895025
409.75		0.895025
409.875		0.895025
410		0.895025
410.125		0.896029
410.25		0.896029
410.375		0.896029
410.5		0.896029
410.625		0.896029
410.75		0.896029
410.875		0.896029
411		0.896029
411.125		0.897814
411.25		0.897814
411.375		0.897814
411.5		0.897814
411.625		0.897814
411.75		0.897814
411.875		0.897814
412		0.897814
412.125		0.902614
412.25		0.902614
412.375		0.902614
412.5		0.902614
412.625		0.902614
412.75		0.902614
412.875		0.902614
413		0.902614
413.125		0.902933
413.25		0.902933
413.375		0.902933
413.5		0.902933
413.625		0.902933
413.75		0.902933
413.875		0.902933
414		0.902933
414.125		0.903955
414.25		0.903955
414.375		0.903955
414.5		0.903955
414.625		0.903955
414.75		0.903955
414.875		0.903955
415		0.903955
415.125		0.906052
415.25		0.906052
415.375		0.906052
415.5		0.906052
415.625		0.906052
415.75		0.906052
415.875		0.906052
416		0.906052
416.125		0.91
416.25		0.91
416.375		0.91
416.5		0.91
416.625		0.91
416.75		0.91
416.875		0.91
417		0.91
417.125		0.911697
417.25		0.911697
417.375		0.911697
417.5		0.911697
417.625		0.911697
417.75		0.911697
417.875		0.911697
418		0.911697
418.125		0.913103
418.25		0.913103
418.375		0.913103
418.5		0.913103
418.625		0.913103
418.75		0.913103
418.875		0.913103
419		0.913103
419.125		0.915033
419.25		0.915033
419.375		0.915033
419.5		0.915033
419.625		0.915033
419.75		0.915033
419.875		0.915033
420		0.915033
420.125		0.9211
420.25		0.9211
420.375		0.9211
420.5		0.9211
420.625		0.9211
420.75		0.9211
420.875		0.9211
421		0.9211
421.125		0.921419
421.25		0.921419
421.375		0.921419
421.5		0.921419
421.625		0.921419
421.75		0.921419
421.875		0.921419
422		0.921419
422.125		0.921704
422.25		0.921704
422.375		0.921704
422.5		0.921704
422.625		0.921704
422.75		0.921704
422.875		0.921704
423		0.921704
423.125		0.922779
423.25		0.922779
423.375		0.922779
423.5		0.922779
423.625		0.922779
423.75		0.922779
423.875		0.922779
424		0.922779
424.125		0.928239
424.25		0.928239
424.375		0.928239
424.5		0.928239
424.625		0.928239
424.75		0.928239
424.875		0.928239
425		0.928239
425.125		0.928566
425.25		0.928566
425.375		0.928566
425.5		0.928566
425.625		0.928566
425.75		0.928566
425.875		0.928566
426		0.928566
426.125		0.932316
426.25		0.932316
426.375		0.932316
426.5		0.932316
426.625		0.932316
426.75		0.932316
426.875		0.932316
427		0.932316
427.125		0.934631
427.25		0.934631
427.375		0.934631
427.5		0.934631
427.625		0.934631
427.75		0.934631
427.875		0.934631
428		0.934631
428.125		0.935664
428.25		0.935664
428.375		0.935664
428.5		0.935664
428.625		0.935664
428.75		0.935664
428.875		0.935664
429		0.935664
429.125		0.937498
429.25		0.937498
429.375		0.937498
429.5		0.937498
429.625		0.937498
429.75		0.937498
429.875		0.937498
430		0.937498
430.125		0.938543
430.25		0.938543
430.375		0.938543
430.5		0.938543
430.625		0.938543
430.75		0.938543
430.875		0.938543
431		0.938543
431.125		0.941064
431.25		0.941064
431.375		0.941064
431.5		0.941064
431.625		0.941064
431.75		0.941064
431.875		0.941064
432		0.941064
432.125		0.943764
432.25		0.943764
432.375		0.943764
432.5		0.943764
432.625		0.943764
432.75		0.943764
432.875		0.943764
433		0.943764
433.125		0.946637
433.25		0.946637
433.375		0.946637
433.5		0.946637
433.625		0.946637
433.75		0.946637
433.875		0.946637
434		0.946637
434.125		0.948868
434.25		0.948868
434.375		0.948868
434.5		0.948868
434.625		0.948868
434.75		0.948868
434.875		0.948868
435		0.948868
435.125		0.949067
435.25		0.949067
435.375		0.949067
435.5		0.949067
435.625		0.949067
435.75		0.949067
435.875		0.949067
436		0.949067
436.125		0.951077
436.25		0.951077
436.375		0.951077
436.5		0.951077
436.625		0.951077
436.75		0.951077
436.875		0.951077
437		0.951077
437.125		0.955709
437.25		0.955709
437.375		0.955709
437.5		0.955709
437.625		0.955709
437.75		0.955709
437.875		0.955709
438		0.955709
438.125		0.957666
438.25		0.957666
438.375		0.957666
438.5		0.957666
438.625		0.957666
438.75		0.957666
438.875		0.957666
439		0.957666
439.125		0.957968
439.25		0.957968
439.375		0.957968
439.5		0.957968
439.625		0.957968
439.75		0.957968
439.875		0.957968
440		0.957968
440.125		0.961251
440.25		0.961251
440.375		0.961251
440.5		0.961251
440.625		0.961251
440.75		0.961251
440.875		0.961251
441		0.961251
441.125		0.963516
441.25		0.963516
441.375		0.963516
441.5		0.963516
441.625		0.963516
441.75		0.963516
441.875		0.963516
442		0.963516
442.125		0.966215
442.25		0.966215
442.375		0.966215
442.5		0.966215
442.625		0.966215
442.75		0.966215
442.875		0.966215
443		0.966215
443.125		0.966967
443.25		0.966967
443.375		0.966967
443.5		0.966967
443.625		0.966967
443.75		0.966967
443.875		0.966967
444		0.966967
444.125		0.967748
444.25		0.967748
444.375		0.967748
444.5		0.967748
444.625		0.967748
444.75		0.967748
444.875		0.967748
445		0.967748
445.125		0.969219
445.25		0.969219
445.375		0.969219
445.5		0.969219
445.625		0.969219
445.75		0.969219
445.875		0.969219
446		0.969219
446.125		0.974331
446.25		0.974331
446.375		0.974331
446.5		0.974331
446.625		0.974331
446.75		0.974331
446.875		0.974331
447		0.974331
447.125		0.975054
447.25		0.975054
447.375		0.975054
447.5		0.975054
447.625		0.975054
447.75		0.975054
447.875		0.975054
448		0.975054
448.125		0.977772
448.25		0.977772
448.375		0.977772
448.5		0.977772
448.625		0.977772
448.75		0.977772
448.875		0.977772
449		0.977772
449.125		0.978294
449.25		0.978294
449.375		0.978294
449.5		0.978294
449.625		0.978294
449.75		0.978294
449.875		0.978294
450		0.978294
450.125		0.985685
450.25		0.985685
450.375		0.985685
450.5		0.985685
450.625		0.985685
450.75		0.985685
450.875		0.985685
451		0.985685
451.125		0.985899
451.25		0.985899
451.375		0.985899
451.5		0.985899
451.625		0.985899
451.75		0.985899
451.875		0.985899
452		0.985899
452.125		0.986195
452.25		0.986195
452.375		0.986195
452.5		0.986195
452.625		0.986195
452.75		0.986195
452.875		0.986195
453		0.986195
453.125		0.98635
453.25		0.98635
453.375		0.98635
453.5		0.98635
453.625		0.98635
453.75		0.98635
453.875		0.98635
454		0.98635
454.125		0.991424
454.25		0.991424
454.375		0.991424
454.5		0.991424
454.625		0.991424
454.75		0.991424
454.875		0.991424
455		0.991424
455.125		0.994632
455.25		0.994632
455.375		0.994632
455.5		0.994632
455.625		0.994632
455.75		0.994632
455.875		0.994632
456		0.994632
456.125		0.996442
456.25		0.996442
456.375		0.996442
456.5		0.996442
456.625		0.996442
456.75		0.996442
456.875		0.996442
457		0.996442
457.125		0.998575
457.25		0.998575
457.375		0.998575
457.5		0.998575
457.625		0.998575
457.75		0.998575
457.875		0.998575
458		0.998575
458.125		0.998802
458.25		0.998802
458.375		0.998802
458.5		0.998802
458.625		0.998802
458.75		0.998802
458.875		0.998802
459		0.998802
459.125		0.999432
459.25		0.999432
459.375		0.999432
459.5		0.999432
459.625		0.999432
459.75		0.999432
459.875		0.999432
460		0.999432
460.125		0.999862
460.25		0.999862
460.375		0.999862
460.5		0.999862
460.625		0.999862
460.75		0.999862
460.875		0.999862
461		0.999862
461.125		1
461.25		1
461.375		1
461.5		1
461.625		1
461.75		1
461.875		1
462		1
462.125		1
462.25		1
462.375		1
462.5		1
462.625		1
462.75		1
462.875		1
463		1
463.125		1
463.25		1
463.375		1
463.5		1
463.625		1
463.75		1
463.875		1
464		1
464.125		1
464.25		1
464.375		1
464.5		1
464.625		1
464.75		1
464.875		1
465		1
465.125		1
465.25		1
465.375		1
465.5		1
465.625		1
465.75		1
465.875		1
466		1
466.125		1
466.25		1
466.375		1
466.5		1
466.625		1
466.75		1
466.875		1
467		1
467.125		1
467.25		1
467.375		1
467.5		1
467.625		1
467.75		1
467.875		1
468		1
468.125		1
468.25		1
468.375		1
468.5		1
468.625		1
468.75		1
468.875		1
469		1
469.125		1
469.25		1
469.375		1
469.5		1
469.625		1
469.75		1
469.875		1
470		1
470.125		1
470.25		1
470.375		1
470.5		1
470.625		1
470.75		1
470.875		1
471		1
471.125		1
471.25		1
471.375		1
471.5		1
471.625		1
471.75		1
471.875		1
472		1
472.125		1
472.25		1
472.375		1
472.5		1
472.625		1
472.75		1
472.875		1
473		1
473.125		1
473.25		1
473.375		1
473.5		1
473.625		1
473.75		1
473.875		1
474		1
474.125		1
474.25		1
474.375		1
474.5		1
474.625		1
474.75		1
474.875		1
475		1
475.125		1
475.25		1
475.375		1
475.5		1
475.625		1
475.75		1
475.875		1
476		1
476.125		1
476.25		1
476.375		1
476.5		1
476.625		1
476.75		1
476.875		1
477		1
477.125		1
477.25		1
477.375		1
477.5		1
477.625		1
477.75		1
477.875		1
478		1
478.125		1
478.25		1
478.375		1
478.5		1
478.625		1
478.75		1
478.875		1
479		1
479.125		1
479.25		1
479.375		1
479.5		1
479.625		1
479.75		1
479.875		1
480		1
480.125		1
480.25		1
480.375		1
480.5		1
480.625		1
480.75		1
480.875		1
481		1
481.125		1
481.25		1
481.375		1
481.5		1
481.625		1
481.75		1
481.875		1
482		1
482.125		1
482.25		1
482.375		1
482.5		1
482.625		1
482.75		1
482.875		1
483		1
483.125		1
483.25		1
483.375		1
483.5		1
483.625		1
483.75		1
483.875		1
484		1
484.125		1
484.25		1
484.375		1
484.5		1
484.625		1
484.75		1
484.875		1
485		1
485.125		1
485.25		1
485.375		1
485.5		1
485.625		1
485.75		1
485.875		1
486		1
486.125		1
486.25		1
486.375		1
486.5		1
486.625		1
486.75		1
486.875		1
487		1
487.125		1
487.25		1
487.375		1
487.5		1
487.625		1
487.75		1
487.875		1
488		1
488.125		1
488.25		1
488.375		1
488.5		1
488.625		1
488.75		1
488.875		1
489		1
489.125		1
489.25		1
489.375		1
489.5		1
489.625		1
489.75		1
489.875		1
490		1
490.125		1
490.25		1
490.375		1
490.5		1
490.625		1
490.75		1
490.875		1
491		1
491.125		1
491.25		1
491.375		1
491.5		1
491.625		1
491.75		1
491.875		1
492		1
492.125		1
492.25		1
492.375		1
492.5		1
492.625		1
492.75		1
492.875		1
493		1
493.125		1
493.25		1
493.375		1
493.5		1
493.625		1
493.75		1
493.875		1
494		1
494.125		1
494.25		1
494.375		1
494.5		1
494.625		1
494.75		1
494.875		1
495		1
495.125		1
495.25		1
495.375		1
495.5		1
495.625		1
495.75		1
495.875		1
496		1
496.125		1
496.25		1
496.375		1
496.5		1
496.625		1
496.75		1
496.875		1
497		1
497.125		1
497.25		1
497.375		1
497.5		1
497.625		1
497.75		1
497.875		1
498		1
498.125		1
498.25		1
498.375		1
498.5		1
498.625		1
498.75		1
498.875		1
499		1
499.125		1
499.25		1
499.375		1
499.5		1
499.625		1
499.75		1
499.875		1
500		1
