# Calibration file of tamex_id 0 @ channel 1
# fine_T bin		 Calibration value
1		0
2		0
3		0
4		0
5		0
6		0
7		0
8		0
9		0
10		0
11		0
12		0
13		0
14		0
15		0
16		0
17		0.0012011
18		0.00554793
19		0.00929898
20		0.0107622
21		0.0157334
22		0.0166629
23		0.0190984
24		0.0197705
25		0.020085
26		0.0258331
27		0.0273536
28		0.0286834
29		0.0308473
30		0.0316194
31		0.0338786
32		0.0361569
33		0.0382111
34		0.0396601
35		0.0436494
36		0.0459039
37		0.0463614
38		0.048592
39		0.0515233
40		0.0526434
41		0.0539636
42		0.056504
43		0.0601788
44		0.0625906
45		0.062805
46		0.0648974
47		0.0695779
48		0.070636
49		0.0716894
50		0.0749924
51		0.0775185
52		0.0783907
53		0.0802734
54		0.0819797
55		0.0847632
56		0.0865792
57		0.0880519
58		0.0900347
59		0.092904
60		0.0952585
61		0.0968552
62		0.0990954
63		0.10013
64		0.102603
65		0.103609
66		0.107417
67		0.108037
68		0.109934
69		0.114219
70		0.114929
71		0.115968
72		0.118294
73		0.122569
74		0.124652
75		0.126859
76		0.127655
77		0.131325
78		0.132207
79		0.133012
80		0.13632
81		0.13948
82		0.141434
83		0.142316
84		0.143927
85		0.147482
86		0.150004
87		0.151367
88		0.151782
89		0.154875
90		0.156629
91		0.158717
92		0.161143
93		0.163974
94		0.165752
95		0.166157
96		0.169236
97		0.170794
98		0.173873
99		0.17679
100		0.177281
101		0.17862
102		0.18108
103		0.183692
104		0.187119
105		0.188005
106		0.190379
107		0.19474
108		0.195031
109		0.195927
110		0.19882
111		0.202947
112		0.204387
113		0.205302
114		0.207147
115		0.211098
116		0.212623
117		0.213695
118		0.215511
119		0.218533
120		0.221226
121		0.222251
122		0.223666
123		0.225406
124		0.228247
125		0.232389
126		0.233127
127		0.234815
128		0.236297
129		0.2393
130		0.242379
131		0.244443
132		0.246058
133		0.249004
134		0.249847
135		0.251582
136		0.25356
137		0.258231
138		0.259299
139		0.260262
140		0.262221
141		0.266663
142		0.267201
143		0.269022
144		0.271143
145		0.274651
146		0.275075
147		0.277444
148		0.278278
149		0.283731
150		0.285037
151		0.285552
152		0.288035
153		0.290466
154		0.293192
155		0.294893
156		0.296748
157		0.298287
158		0.300913
159		0.302172
160		0.304092
161		0.304979
162		0.307352
163		0.312119
164		0.312481
165		0.315217
166		0.315665
167		0.320522
168		0.321518
169		0.324106
170		0.324973
171		0.328972
172		0.330235
173		0.331022
174		0.332118
175		0.337404
176		0.339506
177		0.340812
178		0.341846
179		0.344996
180		0.346245
181		0.348333
182		0.349782
183		0.352985
184		0.354791
185		0.356464
186		0.357355
187		0.359057
188		0.363542
189		0.36675
190		0.368852
191		0.369271
192		0.371387
193		0.37603
194		0.377154
195		0.378198
196		0.380248
197		0.383684
198		0.384451
199		0.385872
200		0.387912
201		0.391201
202		0.392854
203		0.393183
204		0.39518
205		0.399174
206		0.401172
207		0.402349
208		0.404141
209		0.406791
210		0.407987
211		0.41088
212		0.412124
213		0.415904
214		0.417353
215		0.418468
216		0.419679
217		0.42354
218		0.425499
219		0.427634
220		0.429354
221		0.430489
222		0.434602
223		0.43617
224		0.437305
225		0.439726
226		0.440431
227		0.445007
228		0.446127
229		0.446575
230		0.449473
231		0.452366
232		0.453329
233		0.456374
234		0.457423
235		0.461927
236		0.463181
237		0.463929
238		0.465345
239		0.471016
240		0.47216
241		0.473581
242		0.474715
243		0.478514
244		0.480082
245		0.481597
246		0.483852
247		0.485854
248		0.48898
249		0.489524
250		0.490777
251		0.494881
252		0.496158
253		0.497831
254		0.500195
255		0.501859
256		0.505248
257		0.507245
258		0.508112
259		0.510219
260		0.512273
261		0.515548
262		0.516434
263		0.519275
264		0.520805
265		0.525438
266		0.526091
267		0.526643
268		0.527783
269		0.532673
270		0.534603
271		0.53609
272		0.538249
273		0.541362
274		0.543006
275		0.544021
276		0.544426
277		0.548187
278		0.552214
279		0.55353
280		0.553835
281		0.555351
282		0.557462
283		0.559974
284		0.563825
285		0.566284
286		0.568777
287		0.569888
288		0.574072
289		0.578238
290		0.579597
291		0.58055
292		0.584987
293		0.585602
294		0.587461
295		0.588571
296		0.59044
297		0.594682
298		0.59634
299		0.599133
300		0.606173
301		0.606664
302		0.607174
303		0.613046
304		0.61481
305		0.617555
306		0.618718
307		0.620806
308		0.622812
309		0.625281
310		0.625648
311		0.62989
312		0.632378
313		0.633241
314		0.635634
315		0.638469
316		0.640614
317		0.641267
318		0.643293
319		0.646596
320		0.649089
321		0.650671
322		0.652158
323		0.653469
324		0.656924
325		0.659846
326		0.660366
327		0.662105
328		0.66334
329		0.667348
330		0.669555
331		0.669831
332		0.672405
333		0.676433
334		0.67709
335		0.678344
336		0.680084
337		0.685017
338		0.687848
339		0.688677
340		0.6922
341		0.694873
342		0.699068
343		0.700045
344		0.702561
345		0.704029
346		0.706789
347		0.710359
348		0.711813
349		0.712132
350		0.712709
351		0.715163
352		0.716531
353		0.721493
354		0.723662
355		0.725301
356		0.729167
357		0.731097
358		0.734357
359		0.735873
360		0.738856
361		0.740782
362		0.743809
363		0.745076
364		0.748046
365		0.749304
366		0.749762
367		0.751687
368		0.755729
369		0.757745
370		0.7603
371		0.760524
372		0.762178
373		0.766591
374		0.767478
375		0.769122
376		0.770595
377		0.775833
378		0.777292
379		0.777787
380		0.778321
381		0.783731
382		0.78527
383		0.7861
384		0.786776
385		0.789865
386		0.79159
387		0.793211
388		0.795694
389		0.798082
390		0.800413
391		0.802
392		0.802648
393		0.805789
394		0.806904
395		0.812014
396		0.813615
397		0.814902
398		0.815293
399		0.82024
400		0.821365
401		0.822609
402		0.824168
403		0.828357
404		0.829425
405		0.830483
406		0.831522
407		0.835659
408		0.838271
409		0.839563
410		0.840011
411		0.843476
412		0.844129
413		0.848276
414		0.84921
415		0.852489
416		0.853628
417		0.85461
418		0.85746
419		0.860034
420		0.86358
421		0.864123
422		0.864943
423		0.866931
424		0.868332
425		0.870372
426		0.8746
427		0.876049
428		0.876635
429		0.880262
430		0.881125
431		0.882192
432		0.887254
433		0.888026
434		0.890233
435		0.891977
436		0.892726
437		0.896381
438		0.897635
439		0.899089
440		0.901825
441		0.904985
442		0.906648
443		0.90845
444		0.909479
445		0.912634
446		0.915447
447		0.919002
448		0.920737
449		0.922443
450		0.923535
451		0.925827
452		0.928797
453		0.930498
454		0.933115
455		0.934974
456		0.936351
457		0.937614
458		0.940436
459		0.942023
460		0.944835
461		0.945412
462		0.946975
463		0.950774
464		0.9528
465		0.95371
466		0.955435
467		0.958452
468		0.959649
469		0.960855
470		0.963676
471		0.967122
472		0.968514
473		0.969858
474		0.970802
475		0.973991
476		0.977622
477		0.978695
478		0.980296
479		0.982393
480		0.985368
481		0.986507
482		0.988413
483		0.989915
484		0.991816
485		0.994914
486		0.99571
487		0.997202
488		0.998032
489		0.999819
490		0.999971
491		0.999981
492		1
493		1
494		1
495		1
496		1
497		1
498		1
499		1
500		1
501		1
502		1
503		1
504		1
505		1
506		1
507		1
508		1
509		1
510		1
511		1
512		1
513		1
514		1
515		1
516		1
517		1
518		1
519		1
520		1
521		1
522		1
523		1
524		1
525		1
526		1
527		1
528		1
529		1
530		1
531		1
532		1
533		1
534		1
535		1
536		1
537		1
538		1
539		1
540		1
541		1
542		1
543		1
544		1
545		1
546		1
547		1
548		1
549		1
550		1
551		1
552		1
553		1
554		1
555		1
556		1
557		1
558		1
559		1
560		1
561		1
562		1
563		1
564		1
565		1
566		1
567		1
568		1
569		1
570		1
571		1
572		1
573		1
574		1
575		1
576		1
577		1
578		1
579		1
580		1
581		1
582		1
583		1
584		1
585		1
586		1
587		1
588		1
589		1
590		1
591		1
592		1
593		1
594		1
595		1
596		1
597		1
598		1
599		1
600		1
