# Calibration file of tamex_id 1 @ channel 3
# fine_T bin		 Calibration value
0.125		0
0.25		0
0.375		0
0.5		0
0.625		0
0.75		0
0.875		0
1		0
1.125		0
1.25		0
1.375		0
1.5		0
1.625		0
1.75		0
1.875		0
2		0
2.125		0
2.25		0
2.375		0
2.5		0
2.625		0
2.75		0
2.875		0
3		0
3.125		0
3.25		0
3.375		0
3.5		0
3.625		0
3.75		0
3.875		0
4		0
4.125		0
4.25		0
4.375		0
4.5		0
4.625		0
4.75		0
4.875		0
5		0
5.125		0
5.25		0
5.375		0
5.5		0
5.625		0
5.75		0
5.875		0
6		0
6.125		0
6.25		0
6.375		0
6.5		0
6.625		0
6.75		0
6.875		0
7		0
7.125		0
7.25		0
7.375		0
7.5		0
7.625		0
7.75		0
7.875		0
8		0
8.125		0
8.25		0
8.375		0
8.5		0
8.625		0
8.75		0
8.875		0
9		0
9.125		0
9.25		0
9.375		0
9.5		0
9.625		0
9.75		0
9.875		0
10		0
10.125		0
10.25		0
10.375		0
10.5		0
10.625		0
10.75		0
10.875		0
11		0
11.125		0
11.25		0
11.375		0
11.5		0
11.625		0
11.75		0
11.875		0
12		0
12.125		0
12.25		0
12.375		0
12.5		0
12.625		0
12.75		0
12.875		0
13		0
13.125		0
13.25		0
13.375		0
13.5		0
13.625		0
13.75		0
13.875		0
14		0
14.125		0
14.25		0
14.375		0
14.5		0
14.625		0
14.75		0
14.875		0
15		0
15.125		0
15.25		0
15.375		0
15.5		0
15.625		0
15.75		0
15.875		0
16		0
16.125		0.0085285
16.25		0.0085285
16.375		0.0085285
16.5		0.0085285
16.625		0.0085285
16.75		0.0085285
16.875		0.0085285
17		0.0085285
17.125		0.00968044
17.25		0.00968044
17.375		0.00968044
17.5		0.00968044
17.625		0.00968044
17.75		0.00968044
17.875		0.00968044
18		0.00968044
18.125		0.0101021
18.25		0.0101021
18.375		0.0101021
18.5		0.0101021
18.625		0.0101021
18.75		0.0101021
18.875		0.0101021
19		0.0101021
19.125		0.0126056
19.25		0.0126056
19.375		0.0126056
19.5		0.0126056
19.625		0.0126056
19.75		0.0126056
19.875		0.0126056
20		0.0126056
20.125		0.0184393
20.25		0.0184393
20.375		0.0184393
20.5		0.0184393
20.625		0.0184393
20.75		0.0184393
20.875		0.0184393
21		0.0184393
21.125		0.0204367
21.25		0.0204367
21.375		0.0204367
21.5		0.0204367
21.625		0.0204367
21.75		0.0204367
21.875		0.0204367
22		0.0204367
22.125		0.0205478
22.25		0.0205478
22.375		0.0205478
22.5		0.0205478
22.625		0.0205478
22.75		0.0205478
22.875		0.0205478
23		0.0205478
23.125		0.0220289
23.25		0.0220289
23.375		0.0220289
23.5		0.0220289
23.625		0.0220289
23.75		0.0220289
23.875		0.0220289
24		0.0220289
24.125		0.0287451
24.25		0.0287451
24.375		0.0287451
24.5		0.0287451
24.625		0.0287451
24.75		0.0287451
24.875		0.0287451
25		0.0287451
25.125		0.0290825
25.25		0.0290825
25.375		0.0290825
25.5		0.0290825
25.625		0.0290825
25.75		0.0290825
25.875		0.0290825
26		0.0290825
26.125		0.0304895
26.25		0.0304895
26.375		0.0304895
26.5		0.0304895
26.625		0.0304895
26.75		0.0304895
26.875		0.0304895
27		0.0304895
27.125		0.0318965
27.25		0.0318965
27.375		0.0318965
27.5		0.0318965
27.625		0.0318965
27.75		0.0318965
27.875		0.0318965
28		0.0318965
28.125		0.0326206
28.25		0.0326206
28.375		0.0326206
28.5		0.0326206
28.625		0.0326206
28.75		0.0326206
28.875		0.0326206
29		0.0326206
29.125		0.0359077
29.25		0.0359077
29.375		0.0359077
29.5		0.0359077
29.625		0.0359077
29.75		0.0359077
29.875		0.0359077
30		0.0359077
30.125		0.0393738
30.25		0.0393738
30.375		0.0393738
30.5		0.0393738
30.625		0.0393738
30.75		0.0393738
30.875		0.0393738
31		0.0393738
31.125		0.0395878
31.25		0.0395878
31.375		0.0395878
31.5		0.0395878
31.625		0.0395878
31.75		0.0395878
31.875		0.0395878
32		0.0395878
32.125		0.0409701
32.25		0.0409701
32.375		0.0409701
32.5		0.0409701
32.625		0.0409701
32.75		0.0409701
32.875		0.0409701
33		0.0409701
33.125		0.0444712
33.25		0.0444712
33.375		0.0444712
33.5		0.0444712
33.625		0.0444712
33.75		0.0444712
33.875		0.0444712
34		0.0444712
34.125		0.0473531
34.25		0.0473531
34.375		0.0473531
34.5		0.0473531
34.625		0.0473531
34.75		0.0473531
34.875		0.0473531
35		0.0473531
35.125		0.0486717
35.25		0.0486717
35.375		0.0486717
35.5		0.0486717
35.625		0.0486717
35.75		0.0486717
35.875		0.0486717
36		0.0486717
36.125		0.0488753
36.25		0.0488753
36.375		0.0488753
36.5		0.0488753
36.625		0.0488753
36.75		0.0488753
36.875		0.0488753
37		0.0488753
37.125		0.0531396
37.25		0.0531396
37.375		0.0531396
37.5		0.0531396
37.625		0.0531396
37.75		0.0531396
37.875		0.0531396
38		0.0531396
38.125		0.0544664
38.25		0.0544664
38.375		0.0544664
38.5		0.0544664
38.625		0.0544664
38.75		0.0544664
38.875		0.0544664
39		0.0544664
39.125		0.0553447
39.25		0.0553447
39.375		0.0553447
39.5		0.0553447
39.625		0.0553447
39.75		0.0553447
39.875		0.0553447
40		0.0553447
40.125		0.0594835
40.25		0.0594835
40.375		0.0594835
40.5		0.0594835
40.625		0.0594835
40.75		0.0594835
40.875		0.0594835
41		0.0594835
41.125		0.0604997
41.25		0.0604997
41.375		0.0604997
41.5		0.0604997
41.625		0.0604997
41.75		0.0604997
41.875		0.0604997
42		0.0604997
42.125		0.0617812
42.25		0.0617812
42.375		0.0617812
42.5		0.0617812
42.625		0.0617812
42.75		0.0617812
42.875		0.0617812
43		0.0617812
43.125		0.0624682
43.25		0.0624682
43.375		0.0624682
43.5		0.0624682
43.625		0.0624682
43.75		0.0624682
43.875		0.0624682
44		0.0624682
44.125		0.0661524
44.25		0.0661524
44.375		0.0661524
44.5		0.0661524
44.625		0.0661524
44.75		0.0661524
44.875		0.0661524
45		0.0661524
45.125		0.067004
45.25		0.067004
45.375		0.067004
45.5		0.067004
45.625		0.067004
45.75		0.067004
45.875		0.067004
46		0.067004
46.125		0.0713876
46.25		0.0713876
46.375		0.0713876
46.5		0.0713876
46.625		0.0713876
46.75		0.0713876
46.875		0.0713876
47		0.0713876
47.125		0.0725909
47.25		0.0725909
47.375		0.0725909
47.5		0.0725909
47.625		0.0725909
47.75		0.0725909
47.875		0.0725909
48		0.0725909
48.125		0.0757403
48.25		0.0757403
48.375		0.0757403
48.5		0.0757403
48.625		0.0757403
48.75		0.0757403
48.875		0.0757403
49		0.0757403
49.125		0.0758596
49.25		0.0758596
49.375		0.0758596
49.5		0.0758596
49.625		0.0758596
49.75		0.0758596
49.875		0.0758596
50		0.0758596
50.125		0.0789801
50.25		0.0789801
50.375		0.0789801
50.5		0.0789801
50.625		0.0789801
50.75		0.0789801
50.875		0.0789801
51		0.0789801
51.125		0.0806196
51.25		0.0806196
51.375		0.0806196
51.5		0.0806196
51.625		0.0806196
51.75		0.0806196
51.875		0.0806196
52		0.0806196
52.125		0.0826375
52.25		0.0826375
52.375		0.0826375
52.5		0.0826375
52.625		0.0826375
52.75		0.0826375
52.875		0.0826375
53		0.0826375
53.125		0.0859432
53.25		0.0859432
53.375		0.0859432
53.5		0.0859432
53.625		0.0859432
53.75		0.0859432
53.875		0.0859432
54		0.0859432
54.125		0.0874531
54.25		0.0874531
54.375		0.0874531
54.5		0.0874531
54.625		0.0874531
54.75		0.0874531
54.875		0.0874531
55		0.0874531
55.125		0.0898187
55.25		0.0898187
55.375		0.0898187
55.5		0.0898187
55.625		0.0898187
55.75		0.0898187
55.875		0.0898187
56		0.0898187
56.125		0.0921534
56.25		0.0921534
56.375		0.0921534
56.5		0.0921534
56.625		0.0921534
56.75		0.0921534
56.875		0.0921534
57		0.0921534
57.125		0.0933732
57.25		0.0933732
57.375		0.0933732
57.5		0.0933732
57.625		0.0933732
57.75		0.0933732
57.875		0.0933732
58		0.0933732
58.125		0.0978144
58.25		0.0978144
58.375		0.0978144
58.5		0.0978144
58.625		0.0978144
58.75		0.0978144
58.875		0.0978144
59		0.0978144
59.125		0.0989273
59.25		0.0989273
59.375		0.0989273
59.5		0.0989273
59.625		0.0989273
59.75		0.0989273
59.875		0.0989273
60		0.0989273
60.125		0.101097
60.25		0.101097
60.375		0.101097
60.5		0.101097
60.625		0.101097
60.75		0.101097
60.875		0.101097
61		0.101097
61.125		0.104212
61.25		0.104212
61.375		0.104212
61.5		0.104212
61.625		0.104212
61.75		0.104212
61.875		0.104212
62		0.104212
62.125		0.10601
62.25		0.10601
62.375		0.10601
62.5		0.10601
62.625		0.10601
62.75		0.10601
62.875		0.10601
63		0.10601
63.125		0.108338
63.25		0.108338
63.375		0.108338
63.5		0.108338
63.625		0.108338
63.75		0.108338
63.875		0.108338
64		0.108338
64.125		0.109299
64.25		0.109299
64.375		0.109299
64.5		0.109299
64.625		0.109299
64.75		0.109299
64.875		0.109299
65		0.109299
65.125		0.112066
65.25		0.112066
65.375		0.112066
65.5		0.112066
65.625		0.112066
65.75		0.112066
65.875		0.112066
66		0.112066
66.125		0.114001
66.25		0.114001
66.375		0.114001
66.5		0.114001
66.625		0.114001
66.75		0.114001
66.875		0.114001
67		0.114001
67.125		0.116256
67.25		0.116256
67.375		0.116256
67.5		0.116256
67.625		0.116256
67.75		0.116256
67.875		0.116256
68		0.116256
68.125		0.117346
68.25		0.117346
68.375		0.117346
68.5		0.117346
68.625		0.117346
68.75		0.117346
68.875		0.117346
69		0.117346
69.125		0.120956
69.25		0.120956
69.375		0.120956
69.5		0.120956
69.625		0.120956
69.75		0.120956
69.875		0.120956
70		0.120956
70.125		0.12175
70.25		0.12175
70.375		0.12175
70.5		0.12175
70.625		0.12175
70.75		0.12175
70.875		0.12175
71		0.12175
71.125		0.123009
71.25		0.123009
71.375		0.123009
71.5		0.123009
71.625		0.123009
71.75		0.123009
71.875		0.123009
72		0.123009
72.125		0.128475
72.25		0.128475
72.375		0.128475
72.5		0.128475
72.625		0.128475
72.75		0.128475
72.875		0.128475
73		0.128475
73.125		0.129069
73.25		0.129069
73.375		0.129069
73.5		0.129069
73.625		0.129069
73.75		0.129069
73.875		0.129069
74		0.129069
74.125		0.130005
74.25		0.130005
74.375		0.130005
74.5		0.130005
74.625		0.130005
74.75		0.130005
74.875		0.130005
75		0.130005
75.125		0.133362
75.25		0.133362
75.375		0.133362
75.5		0.133362
75.625		0.133362
75.75		0.133362
75.875		0.133362
76		0.133362
76.125		0.134214
76.25		0.134214
76.375		0.134214
76.5		0.134214
76.625		0.134214
76.75		0.134214
76.875		0.134214
77		0.134214
77.125		0.138404
77.25		0.138404
77.375		0.138404
77.5		0.138404
77.625		0.138404
77.75		0.138404
77.875		0.138404
78		0.138404
78.125		0.140113
78.25		0.140113
78.375		0.140113
78.5		0.140113
78.625		0.140113
78.75		0.140113
78.875		0.140113
79		0.140113
79.125		0.140677
79.25		0.140677
79.375		0.140677
79.5		0.140677
79.625		0.140677
79.75		0.140677
79.875		0.140677
80		0.140677
80.125		0.144458
80.25		0.144458
80.375		0.144458
80.5		0.144458
80.625		0.144458
80.75		0.144458
80.875		0.144458
81		0.144458
81.125		0.145069
81.25		0.145069
81.375		0.145069
81.5		0.145069
81.625		0.145069
81.75		0.145069
81.875		0.145069
82		0.145069
82.125		0.151579
82.25		0.151579
82.375		0.151579
82.5		0.151579
82.625		0.151579
82.75		0.151579
82.875		0.151579
83		0.151579
83.125		0.154112
83.25		0.154112
83.375		0.154112
83.5		0.154112
83.625		0.154112
83.75		0.154112
83.875		0.154112
84		0.154112
84.125		0.155716
84.25		0.155716
84.375		0.155716
84.5		0.155716
84.625		0.155716
84.75		0.155716
84.875		0.155716
85		0.155716
85.125		0.157683
85.25		0.157683
85.375		0.157683
85.5		0.157683
85.625		0.157683
85.75		0.157683
85.875		0.157683
86		0.157683
86.125		0.158767
86.25		0.158767
86.375		0.158767
86.5		0.158767
86.625		0.158767
86.75		0.158767
86.875		0.158767
87		0.158767
87.125		0.163893
87.25		0.163893
87.375		0.163893
87.5		0.163893
87.625		0.163893
87.75		0.163893
87.875		0.163893
88		0.163893
88.125		0.16559
88.25		0.16559
88.375		0.16559
88.5		0.16559
88.625		0.16559
88.75		0.16559
88.875		0.16559
89		0.16559
89.125		0.16782
89.25		0.16782
89.375		0.16782
89.5		0.16782
89.625		0.16782
89.75		0.16782
89.875		0.16782
90		0.16782
90.125		0.168132
90.25		0.168132
90.375		0.168132
90.5		0.168132
90.625		0.168132
90.75		0.168132
90.875		0.168132
91		0.168132
91.125		0.170089
91.25		0.170089
91.375		0.170089
91.5		0.170089
91.625		0.170089
91.75		0.170089
91.875		0.170089
92		0.170089
92.125		0.171362
92.25		0.171362
92.375		0.171362
92.5		0.171362
92.625		0.171362
92.75		0.171362
92.875		0.171362
93		0.171362
93.125		0.174694
93.25		0.174694
93.375		0.174694
93.5		0.174694
93.625		0.174694
93.75		0.174694
93.875		0.174694
94		0.174694
94.125		0.176661
94.25		0.176661
94.375		0.176661
94.5		0.176661
94.625		0.176661
94.75		0.176661
94.875		0.176661
95		0.176661
95.125		0.180067
95.25		0.180067
95.375		0.180067
95.5		0.180067
95.625		0.180067
95.75		0.180067
95.875		0.180067
96		0.180067
96.125		0.180388
96.25		0.180388
96.375		0.180388
96.5		0.180388
96.625		0.180388
96.75		0.180388
96.875		0.180388
97		0.180388
97.125		0.181316
97.25		0.181316
97.375		0.181316
97.5		0.181316
97.625		0.181316
97.75		0.181316
97.875		0.181316
98		0.181316
98.125		0.185566
98.25		0.185566
98.375		0.185566
98.5		0.185566
98.625		0.185566
98.75		0.185566
98.875		0.185566
99		0.185566
99.125		0.186152
99.25		0.186152
99.375		0.186152
99.5		0.186152
99.625		0.186152
99.75		0.186152
99.875		0.186152
100		0.186152
100.125		0.188162
100.25		0.188162
100.375		0.188162
100.5		0.188162
100.625		0.188162
100.75		0.188162
100.875		0.188162
101		0.188162
101.125		0.192095
101.25		0.192095
101.375		0.192095
101.5		0.192095
101.625		0.192095
101.75		0.192095
101.875		0.192095
102		0.192095
102.125		0.194569
102.25		0.194569
102.375		0.194569
102.5		0.194569
102.625		0.194569
102.75		0.194569
102.875		0.194569
103		0.194569
103.125		0.19612
103.25		0.19612
103.375		0.19612
103.5		0.19612
103.625		0.19612
103.75		0.19612
103.875		0.19612
104		0.19612
104.125		0.198856
104.25		0.198856
104.375		0.198856
104.5		0.198856
104.625		0.198856
104.75		0.198856
104.875		0.198856
105		0.198856
105.125		0.200383
105.25		0.200383
105.375		0.200383
105.5		0.200383
105.625		0.200383
105.75		0.200383
105.875		0.200383
106		0.200383
106.125		0.201557
106.25		0.201557
106.375		0.201557
106.5		0.201557
106.625		0.201557
106.75		0.201557
106.875		0.201557
107		0.201557
107.125		0.204073
107.25		0.204073
107.375		0.204073
107.5		0.204073
107.625		0.204073
107.75		0.204073
107.875		0.204073
108		0.204073
108.125		0.205618
108.25		0.205618
108.375		0.205618
108.5		0.205618
108.625		0.205618
108.75		0.205618
108.875		0.205618
109		0.205618
109.125		0.207484
109.25		0.207484
109.375		0.207484
109.5		0.207484
109.625		0.207484
109.75		0.207484
109.875		0.207484
110		0.207484
110.125		0.211614
110.25		0.211614
110.375		0.211614
110.5		0.211614
110.625		0.211614
110.75		0.211614
110.875		0.211614
111		0.211614
111.125		0.212752
111.25		0.212752
111.375		0.212752
111.5		0.212752
111.625		0.212752
111.75		0.212752
111.875		0.212752
112		0.212752
112.125		0.216633
112.25		0.216633
112.375		0.216633
112.5		0.216633
112.625		0.216633
112.75		0.216633
112.875		0.216633
113		0.216633
113.125		0.222543
113.25		0.222543
113.375		0.222543
113.5		0.222543
113.625		0.222543
113.75		0.222543
113.875		0.222543
114		0.222543
114.125		0.224874
114.25		0.224874
114.375		0.224874
114.5		0.224874
114.625		0.224874
114.75		0.224874
114.875		0.224874
115		0.224874
115.125		0.22583
115.25		0.22583
115.375		0.22583
115.5		0.22583
115.625		0.22583
115.75		0.22583
115.875		0.22583
116		0.22583
116.125		0.226698
116.25		0.226698
116.375		0.226698
116.5		0.226698
116.625		0.226698
116.75		0.226698
116.875		0.226698
117		0.226698
117.125		0.229981
117.25		0.229981
117.375		0.229981
117.5		0.229981
117.625		0.229981
117.75		0.229981
117.875		0.229981
118		0.229981
118.125		0.232781
118.25		0.232781
118.375		0.232781
118.5		0.232781
118.625		0.232781
118.75		0.232781
118.875		0.232781
119		0.232781
119.125		0.234157
119.25		0.234157
119.375		0.234157
119.5		0.234157
119.625		0.234157
119.75		0.234157
119.875		0.234157
120		0.234157
120.125		0.237599
120.25		0.237599
120.375		0.237599
120.5		0.237599
120.625		0.237599
120.75		0.237599
120.875		0.237599
121		0.237599
121.125		0.237599
121.25		0.237599
121.375		0.237599
121.5		0.237599
121.625		0.237599
121.75		0.237599
121.875		0.237599
122		0.237599
122.125		0.239732
122.25		0.239732
122.375		0.239732
122.5		0.239732
122.625		0.239732
122.75		0.239732
122.875		0.239732
123		0.239732
123.125		0.240304
123.25		0.240304
123.375		0.240304
123.5		0.240304
123.625		0.240304
123.75		0.240304
123.875		0.240304
124		0.240304
124.125		0.245786
124.25		0.245786
124.375		0.245786
124.5		0.245786
124.625		0.245786
124.75		0.245786
124.875		0.245786
125		0.245786
125.125		0.24601
125.25		0.24601
125.375		0.24601
125.5		0.24601
125.625		0.24601
125.75		0.24601
125.875		0.24601
126		0.24601
126.125		0.246613
126.25		0.246613
126.375		0.246613
126.5		0.246613
126.625		0.246613
126.75		0.246613
126.875		0.246613
127		0.246613
127.125		0.248447
127.25		0.248447
127.375		0.248447
127.5		0.248447
127.625		0.248447
127.75		0.248447
127.875		0.248447
128		0.248447
128.125		0.250326
128.25		0.250326
128.375		0.250326
128.5		0.250326
128.625		0.250326
128.75		0.250326
128.875		0.250326
129		0.250326
129.125		0.255186
129.25		0.255186
129.375		0.255186
129.5		0.255186
129.625		0.255186
129.75		0.255186
129.875		0.255186
130		0.255186
130.125		0.255454
130.25		0.255454
130.375		0.255454
130.5		0.255454
130.625		0.255454
130.75		0.255454
130.875		0.255454
131		0.255454
131.125		0.256495
131.25		0.256495
131.375		0.256495
131.5		0.256495
131.625		0.256495
131.75		0.256495
131.875		0.256495
132		0.256495
132.125		0.259736
132.25		0.259736
132.375		0.259736
132.5		0.259736
132.625		0.259736
132.75		0.259736
132.875		0.259736
133		0.259736
133.125		0.261133
133.25		0.261133
133.375		0.261133
133.5		0.261133
133.625		0.261133
133.75		0.261133
133.875		0.261133
134		0.261133
134.125		0.263153
134.25		0.263153
134.375		0.263153
134.5		0.263153
134.625		0.263153
134.75		0.263153
134.875		0.263153
135		0.263153
135.125		0.267829
135.25		0.267829
135.375		0.267829
135.5		0.267829
135.625		0.267829
135.75		0.267829
135.875		0.267829
136		0.267829
136.125		0.269783
136.25		0.269783
136.375		0.269783
136.5		0.269783
136.625		0.269783
136.75		0.269783
136.875		0.269783
137		0.269783
137.125		0.271079
137.25		0.271079
137.375		0.271079
137.5		0.271079
137.625		0.271079
137.75		0.271079
137.875		0.271079
138		0.271079
138.125		0.274397
138.25		0.274397
138.375		0.274397
138.5		0.274397
138.625		0.274397
138.75		0.274397
138.875		0.274397
139		0.274397
139.125		0.275444
139.25		0.275444
139.375		0.275444
139.5		0.275444
139.625		0.275444
139.75		0.275444
139.875		0.275444
140		0.275444
140.125		0.276215
140.25		0.276215
140.375		0.276215
140.5		0.276215
140.625		0.276215
140.75		0.276215
140.875		0.276215
141		0.276215
141.125		0.281553
141.25		0.281553
141.375		0.281553
141.5		0.281553
141.625		0.281553
141.75		0.281553
141.875		0.281553
142		0.281553
142.125		0.283997
142.25		0.283997
142.375		0.283997
142.5		0.283997
142.625		0.283997
142.75		0.283997
142.875		0.283997
143		0.283997
143.125		0.284409
143.25		0.284409
143.375		0.284409
143.5		0.284409
143.625		0.284409
143.75		0.284409
143.875		0.284409
144		0.284409
144.125		0.284645
144.25		0.284645
144.375		0.284645
144.5		0.284645
144.625		0.284645
144.75		0.284645
144.875		0.284645
145		0.284645
145.125		0.286945
145.25		0.286945
145.375		0.286945
145.5		0.286945
145.625		0.286945
145.75		0.286945
145.875		0.286945
146		0.286945
146.125		0.291411
146.25		0.291411
146.375		0.291411
146.5		0.291411
146.625		0.291411
146.75		0.291411
146.875		0.291411
147		0.291411
147.125		0.294322
147.25		0.294322
147.375		0.294322
147.5		0.294322
147.625		0.294322
147.75		0.294322
147.875		0.294322
148		0.294322
148.125		0.295239
148.25		0.295239
148.375		0.295239
148.5		0.295239
148.625		0.295239
148.75		0.295239
148.875		0.295239
149		0.295239
149.125		0.296656
149.25		0.296656
149.375		0.296656
149.5		0.296656
149.625		0.296656
149.75		0.296656
149.875		0.296656
150		0.296656
150.125		0.297364
150.25		0.297364
150.375		0.297364
150.5		0.297364
150.625		0.297364
150.75		0.297364
150.875		0.297364
151		0.297364
151.125		0.300902
151.25		0.300902
151.375		0.300902
151.5		0.300902
151.625		0.300902
151.75		0.300902
151.875		0.300902
152		0.300902
152.125		0.302336
152.25		0.302336
152.375		0.302336
152.5		0.302336
152.625		0.302336
152.75		0.302336
152.875		0.302336
153		0.302336
153.125		0.305072
153.25		0.305072
153.375		0.305072
153.5		0.305072
153.625		0.305072
153.75		0.305072
153.875		0.305072
154		0.305072
154.125		0.307104
154.25		0.307104
154.375		0.307104
154.5		0.307104
154.625		0.307104
154.75		0.307104
154.875		0.307104
155		0.307104
155.125		0.307585
155.25		0.307585
155.375		0.307585
155.5		0.307585
155.625		0.307585
155.75		0.307585
155.875		0.307585
156		0.307585
156.125		0.313647
156.25		0.313647
156.375		0.313647
156.5		0.313647
156.625		0.313647
156.75		0.313647
156.875		0.313647
157		0.313647
157.125		0.313907
157.25		0.313907
157.375		0.313907
157.5		0.313907
157.625		0.313907
157.75		0.313907
157.875		0.313907
158		0.313907
158.125		0.314295
158.25		0.314295
158.375		0.314295
158.5		0.314295
158.625		0.314295
158.75		0.314295
158.875		0.314295
159		0.314295
159.125		0.317093
159.25		0.317093
159.375		0.317093
159.5		0.317093
159.625		0.317093
159.75		0.317093
159.875		0.317093
160		0.317093
160.125		0.319162
160.25		0.319162
160.375		0.319162
160.5		0.319162
160.625		0.319162
160.75		0.319162
160.875		0.319162
161		0.319162
161.125		0.31966
161.25		0.31966
161.375		0.31966
161.5		0.31966
161.625		0.31966
161.75		0.31966
161.875		0.31966
162		0.31966
162.125		0.324718
162.25		0.324718
162.375		0.324718
162.5		0.324718
162.625		0.324718
162.75		0.324718
162.875		0.324718
163		0.324718
163.125		0.326584
163.25		0.326584
163.375		0.326584
163.5		0.326584
163.625		0.326584
163.75		0.326584
163.875		0.326584
164		0.326584
164.125		0.326831
164.25		0.326831
164.375		0.326831
164.5		0.326831
164.625		0.326831
164.75		0.326831
164.875		0.326831
165		0.326831
165.125		0.331359
165.25		0.331359
165.375		0.331359
165.5		0.331359
165.625		0.331359
165.75		0.331359
165.875		0.331359
166		0.331359
166.125		0.331762
166.25		0.331762
166.375		0.331762
166.5		0.331762
166.625		0.331762
166.75		0.331762
166.875		0.331762
167		0.331762
167.125		0.332932
167.25		0.332932
167.375		0.332932
167.5		0.332932
167.625		0.332932
167.75		0.332932
167.875		0.332932
168		0.332932
168.125		0.33675
168.25		0.33675
168.375		0.33675
168.5		0.33675
168.625		0.33675
168.75		0.33675
168.875		0.33675
169		0.33675
169.125		0.3369
169.25		0.3369
169.375		0.3369
169.5		0.3369
169.625		0.3369
169.75		0.3369
169.875		0.3369
170		0.3369
170.125		0.337783
170.25		0.337783
170.375		0.337783
170.5		0.337783
170.625		0.337783
170.75		0.337783
170.875		0.337783
171		0.337783
171.125		0.342678
171.25		0.342678
171.375		0.342678
171.5		0.342678
171.625		0.342678
171.75		0.342678
171.875		0.342678
172		0.342678
172.125		0.342969
172.25		0.342969
172.375		0.342969
172.5		0.342969
172.625		0.342969
172.75		0.342969
172.875		0.342969
173		0.342969
173.125		0.347673
173.25		0.347673
173.375		0.347673
173.5		0.347673
173.625		0.347673
173.75		0.347673
173.875		0.347673
174		0.347673
174.125		0.347984
174.25		0.347984
174.375		0.347984
174.5		0.347984
174.625		0.347984
174.75		0.347984
174.875		0.347984
175		0.347984
175.125		0.348989
175.25		0.348989
175.375		0.348989
175.5		0.348989
175.625		0.348989
175.75		0.348989
175.875		0.348989
176		0.348989
176.125		0.35024
176.25		0.35024
176.375		0.35024
176.5		0.35024
176.625		0.35024
176.75		0.35024
176.875		0.35024
177		0.35024
177.125		0.354334
177.25		0.354334
177.375		0.354334
177.5		0.354334
177.625		0.354334
177.75		0.354334
177.875		0.354334
178		0.354334
178.125		0.359301
178.25		0.359301
178.375		0.359301
178.5		0.359301
178.625		0.359301
178.75		0.359301
178.875		0.359301
179		0.359301
179.125		0.35955
179.25		0.35955
179.375		0.35955
179.5		0.35955
179.625		0.35955
179.75		0.35955
179.875		0.35955
180		0.35955
180.125		0.3601
180.25		0.3601
180.375		0.3601
180.5		0.3601
180.625		0.3601
180.75		0.3601
180.875		0.3601
181		0.3601
181.125		0.360529
181.25		0.360529
181.375		0.360529
181.5		0.360529
181.625		0.360529
181.75		0.360529
181.875		0.360529
182		0.360529
182.125		0.367474
182.25		0.367474
182.375		0.367474
182.5		0.367474
182.625		0.367474
182.75		0.367474
182.875		0.367474
183		0.367474
183.125		0.367799
183.25		0.367799
183.375		0.367799
183.5		0.367799
183.625		0.367799
183.75		0.367799
183.875		0.367799
184		0.367799
184.125		0.371422
184.25		0.371422
184.375		0.371422
184.5		0.371422
184.625		0.371422
184.75		0.371422
184.875		0.371422
185		0.371422
185.125		0.372364
185.25		0.372364
185.375		0.372364
185.5		0.372364
185.625		0.372364
185.75		0.372364
185.875		0.372364
186		0.372364
186.125		0.37441
186.25		0.37441
186.375		0.37441
186.5		0.37441
186.625		0.37441
186.75		0.37441
186.875		0.37441
187		0.37441
187.125		0.377377
187.25		0.377377
187.375		0.377377
187.5		0.377377
187.625		0.377377
187.75		0.377377
187.875		0.377377
188		0.377377
188.125		0.378658
188.25		0.378658
188.375		0.378658
188.5		0.378658
188.625		0.378658
188.75		0.378658
188.875		0.378658
189		0.378658
189.125		0.379878
189.25		0.379878
189.375		0.379878
189.5		0.379878
189.625		0.379878
189.75		0.379878
189.875		0.379878
190		0.379878
190.125		0.385115
190.25		0.385115
190.375		0.385115
190.5		0.385115
190.625		0.385115
190.75		0.385115
190.875		0.385115
191		0.385115
191.125		0.385463
191.25		0.385463
191.375		0.385463
191.5		0.385463
191.625		0.385463
191.75		0.385463
191.875		0.385463
192		0.385463
192.125		0.386555
192.25		0.386555
192.375		0.386555
192.5		0.386555
192.625		0.386555
192.75		0.386555
192.875		0.386555
193		0.386555
193.125		0.389517
193.25		0.389517
193.375		0.389517
193.5		0.389517
193.625		0.389517
193.75		0.389517
193.875		0.389517
194		0.389517
194.125		0.389902
194.25		0.389902
194.375		0.389902
194.5		0.389902
194.625		0.389902
194.75		0.389902
194.875		0.389902
195		0.389902
195.125		0.393504
195.25		0.393504
195.375		0.393504
195.5		0.393504
195.625		0.393504
195.75		0.393504
195.875		0.393504
196		0.393504
196.125		0.395475
196.25		0.395475
196.375		0.395475
196.5		0.395475
196.625		0.395475
196.75		0.395475
196.875		0.395475
197		0.395475
197.125		0.395475
197.25		0.395475
197.375		0.395475
197.5		0.395475
197.625		0.395475
197.75		0.395475
197.875		0.395475
198		0.395475
198.125		0.397988
198.25		0.397988
198.375		0.397988
198.5		0.397988
198.625		0.397988
198.75		0.397988
198.875		0.397988
199		0.397988
199.125		0.400979
199.25		0.400979
199.375		0.400979
199.5		0.400979
199.625		0.400979
199.75		0.400979
199.875		0.400979
200		0.400979
200.125		0.402662
200.25		0.402662
200.375		0.402662
200.5		0.402662
200.625		0.402662
200.75		0.402662
200.875		0.402662
201		0.402662
201.125		0.4057
201.25		0.4057
201.375		0.4057
201.5		0.4057
201.625		0.4057
201.75		0.4057
201.875		0.4057
202		0.4057
202.125		0.406344
202.25		0.406344
202.375		0.406344
202.5		0.406344
202.625		0.406344
202.75		0.406344
202.875		0.406344
203		0.406344
203.125		0.406951
203.25		0.406951
203.375		0.406951
203.5		0.406951
203.625		0.406951
203.75		0.406951
203.875		0.406951
204		0.406951
204.125		0.412268
204.25		0.412268
204.375		0.412268
204.5		0.412268
204.625		0.412268
204.75		0.412268
204.875		0.412268
205		0.412268
205.125		0.413293
205.25		0.413293
205.375		0.413293
205.5		0.413293
205.625		0.413293
205.75		0.413293
205.875		0.413293
206		0.413293
206.125		0.415154
206.25		0.415154
206.375		0.415154
206.5		0.415154
206.625		0.415154
206.75		0.415154
206.875		0.415154
207		0.415154
207.125		0.417419
207.25		0.417419
207.375		0.417419
207.5		0.417419
207.625		0.417419
207.75		0.417419
207.875		0.417419
208		0.417419
208.125		0.421761
208.25		0.421761
208.375		0.421761
208.5		0.421761
208.625		0.421761
208.75		0.421761
208.875		0.421761
209		0.421761
209.125		0.422261
209.25		0.422261
209.375		0.422261
209.5		0.422261
209.625		0.422261
209.75		0.422261
209.875		0.422261
210		0.422261
210.125		0.423965
210.25		0.423965
210.375		0.423965
210.5		0.423965
210.625		0.423965
210.75		0.423965
210.875		0.423965
211		0.423965
211.125		0.425919
211.25		0.425919
211.375		0.425919
211.5		0.425919
211.625		0.425919
211.75		0.425919
211.875		0.425919
212		0.425919
212.125		0.428083
212.25		0.428083
212.375		0.428083
212.5		0.428083
212.625		0.428083
212.75		0.428083
212.875		0.428083
213		0.428083
213.125		0.428535
213.25		0.428535
213.375		0.428535
213.5		0.428535
213.625		0.428535
213.75		0.428535
213.875		0.428535
214		0.428535
214.125		0.43383
214.25		0.43383
214.375		0.43383
214.5		0.43383
214.625		0.43383
214.75		0.43383
214.875		0.43383
215		0.43383
215.125		0.434032
215.25		0.434032
215.375		0.434032
215.5		0.434032
215.625		0.434032
215.75		0.434032
215.875		0.434032
216		0.434032
216.125		0.434869
216.25		0.434869
216.375		0.434869
216.5		0.434869
216.625		0.434869
216.75		0.434869
216.875		0.434869
217		0.434869
217.125		0.439106
217.25		0.439106
217.375		0.439106
217.5		0.439106
217.625		0.439106
217.75		0.439106
217.875		0.439106
218		0.439106
218.125		0.439364
218.25		0.439364
218.375		0.439364
218.5		0.439364
218.625		0.439364
218.75		0.439364
218.875		0.439364
219		0.439364
219.125		0.440174
219.25		0.440174
219.375		0.440174
219.5		0.440174
219.625		0.440174
219.75		0.440174
219.875		0.440174
220		0.440174
220.125		0.444218
220.25		0.444218
220.375		0.444218
220.5		0.444218
220.625		0.444218
220.75		0.444218
220.875		0.444218
221		0.444218
221.125		0.446645
221.25		0.446645
221.375		0.446645
221.5		0.446645
221.625		0.446645
221.75		0.446645
221.875		0.446645
222		0.446645
222.125		0.4479
222.25		0.4479
222.375		0.4479
222.5		0.4479
222.625		0.4479
222.75		0.4479
222.875		0.4479
223		0.4479
223.125		0.452127
223.25		0.452127
223.375		0.452127
223.5		0.452127
223.625		0.452127
223.75		0.452127
223.875		0.452127
224		0.452127
224.125		0.45252
224.25		0.45252
224.375		0.45252
224.5		0.45252
224.625		0.45252
224.75		0.45252
224.875		0.45252
225		0.45252
225.125		0.452928
225.25		0.452928
225.375		0.452928
225.5		0.452928
225.625		0.452928
225.75		0.452928
225.875		0.452928
226		0.452928
226.125		0.45495
226.25		0.45495
226.375		0.45495
226.5		0.45495
226.625		0.45495
226.75		0.45495
226.875		0.45495
227		0.45495
227.125		0.458317
227.25		0.458317
227.375		0.458317
227.5		0.458317
227.625		0.458317
227.75		0.458317
227.875		0.458317
228		0.458317
228.125		0.460609
228.25		0.460609
228.375		0.460609
228.5		0.460609
228.625		0.460609
228.75		0.460609
228.875		0.460609
229		0.460609
229.125		0.463561
229.25		0.463561
229.375		0.463561
229.5		0.463561
229.625		0.463561
229.75		0.463561
229.875		0.463561
230		0.463561
230.125		0.466058
230.25		0.466058
230.375		0.466058
230.5		0.466058
230.625		0.466058
230.75		0.466058
230.875		0.466058
231		0.466058
231.125		0.467611
231.25		0.467611
231.375		0.467611
231.5		0.467611
231.625		0.467611
231.75		0.467611
231.875		0.467611
232		0.467611
232.125		0.468162
232.25		0.468162
232.375		0.468162
232.5		0.468162
232.625		0.468162
232.75		0.468162
232.875		0.468162
233		0.468162
233.125		0.469802
233.25		0.469802
233.375		0.469802
233.5		0.469802
233.625		0.469802
233.75		0.469802
233.875		0.469802
234		0.469802
234.125		0.47581
234.25		0.47581
234.375		0.47581
234.5		0.47581
234.625		0.47581
234.75		0.47581
234.875		0.47581
235		0.47581
235.125		0.477777
235.25		0.477777
235.375		0.477777
235.5		0.477777
235.625		0.477777
235.75		0.477777
235.875		0.477777
236		0.477777
236.125		0.478707
236.25		0.478707
236.375		0.478707
236.5		0.478707
236.625		0.478707
236.75		0.478707
236.875		0.478707
237		0.478707
237.125		0.479056
237.25		0.479056
237.375		0.479056
237.5		0.479056
237.625		0.479056
237.75		0.479056
237.875		0.479056
238		0.479056
238.125		0.483977
238.25		0.483977
238.375		0.483977
238.5		0.483977
238.625		0.483977
238.75		0.483977
238.875		0.483977
239		0.483977
239.125		0.484553
239.25		0.484553
239.375		0.484553
239.5		0.484553
239.625		0.484553
239.75		0.484553
239.875		0.484553
240		0.484553
240.125		0.486534
240.25		0.486534
240.375		0.486534
240.5		0.486534
240.625		0.486534
240.75		0.486534
240.875		0.486534
241		0.486534
241.125		0.488714
241.25		0.488714
241.375		0.488714
241.5		0.488714
241.625		0.488714
241.75		0.488714
241.875		0.488714
242		0.488714
242.125		0.490259
242.25		0.490259
242.375		0.490259
242.5		0.490259
242.625		0.490259
242.75		0.490259
242.875		0.490259
243		0.490259
243.125		0.494422
243.25		0.494422
243.375		0.494422
243.5		0.494422
243.625		0.494422
243.75		0.494422
243.875		0.494422
244		0.494422
244.125		0.497099
244.25		0.497099
244.375		0.497099
244.5		0.497099
244.625		0.497099
244.75		0.497099
244.875		0.497099
245		0.497099
245.125		0.497236
245.25		0.497236
245.375		0.497236
245.5		0.497236
245.625		0.497236
245.75		0.497236
245.875		0.497236
246		0.497236
246.125		0.501324
246.25		0.501324
246.375		0.501324
246.5		0.501324
246.625		0.501324
246.75		0.501324
246.875		0.501324
247		0.501324
247.125		0.501908
247.25		0.501908
247.375		0.501908
247.5		0.501908
247.625		0.501908
247.75		0.501908
247.875		0.501908
248		0.501908
248.125		0.502924
248.25		0.502924
248.375		0.502924
248.5		0.502924
248.625		0.502924
248.75		0.502924
248.875		0.502924
249		0.502924
249.125		0.506119
249.25		0.506119
249.375		0.506119
249.5		0.506119
249.625		0.506119
249.75		0.506119
249.875		0.506119
250		0.506119
250.125		0.50919
250.25		0.50919
250.375		0.50919
250.5		0.50919
250.625		0.50919
250.75		0.50919
250.875		0.50919
251		0.50919
251.125		0.50919
251.25		0.50919
251.375		0.50919
251.5		0.50919
251.625		0.50919
251.75		0.50919
251.875		0.50919
252		0.50919
252.125		0.51135
252.25		0.51135
252.375		0.51135
252.5		0.51135
252.625		0.51135
252.75		0.51135
252.875		0.51135
253		0.51135
253.125		0.516684
253.25		0.516684
253.375		0.516684
253.5		0.516684
253.625		0.516684
253.75		0.516684
253.875		0.516684
254		0.516684
254.125		0.517136
254.25		0.517136
254.375		0.517136
254.5		0.517136
254.625		0.517136
254.75		0.517136
254.875		0.517136
255		0.517136
255.125		0.517825
255.25		0.517825
255.375		0.517825
255.5		0.517825
255.625		0.517825
255.75		0.517825
255.875		0.517825
256		0.517825
256.125		0.520968
256.25		0.520968
256.375		0.520968
256.5		0.520968
256.625		0.520968
256.75		0.520968
256.875		0.520968
257		0.520968
257.125		0.521629
257.25		0.521629
257.375		0.521629
257.5		0.521629
257.625		0.521629
257.75		0.521629
257.875		0.521629
258		0.521629
258.125		0.52219
258.25		0.52219
258.375		0.52219
258.5		0.52219
258.625		0.52219
258.75		0.52219
258.875		0.52219
259		0.52219
259.125		0.525883
259.25		0.525883
259.375		0.525883
259.5		0.525883
259.625		0.525883
259.75		0.525883
259.875		0.525883
260		0.525883
260.125		0.528841
260.25		0.528841
260.375		0.528841
260.5		0.528841
260.625		0.528841
260.75		0.528841
260.875		0.528841
261		0.528841
261.125		0.530149
261.25		0.530149
261.375		0.530149
261.5		0.530149
261.625		0.530149
261.75		0.530149
261.875		0.530149
262		0.530149
262.125		0.534043
262.25		0.534043
262.375		0.534043
262.5		0.534043
262.625		0.534043
262.75		0.534043
262.875		0.534043
263		0.534043
263.125		0.534376
263.25		0.534376
263.375		0.534376
263.5		0.534376
263.625		0.534376
263.75		0.534376
263.875		0.534376
264		0.534376
264.125		0.537452
264.25		0.537452
264.375		0.537452
264.5		0.537452
264.625		0.537452
264.75		0.537452
264.875		0.537452
265		0.537452
265.125		0.539807
265.25		0.539807
265.375		0.539807
265.5		0.539807
265.625		0.539807
265.75		0.539807
265.875		0.539807
266		0.539807
266.125		0.540013
266.25		0.540013
266.375		0.540013
266.5		0.540013
266.625		0.540013
266.75		0.540013
266.875		0.540013
267		0.540013
267.125		0.540305
267.25		0.540305
267.375		0.540305
267.5		0.540305
267.625		0.540305
267.75		0.540305
267.875		0.540305
268		0.540305
268.125		0.545698
268.25		0.545698
268.375		0.545698
268.5		0.545698
268.625		0.545698
268.75		0.545698
268.875		0.545698
269		0.545698
269.125		0.548969
269.25		0.548969
269.375		0.548969
269.5		0.548969
269.625		0.548969
269.75		0.548969
269.875		0.548969
270		0.548969
270.125		0.549277
270.25		0.549277
270.375		0.549277
270.5		0.549277
270.625		0.549277
270.75		0.549277
270.875		0.549277
271		0.549277
271.125		0.551832
271.25		0.551832
271.375		0.551832
271.5		0.551832
271.625		0.551832
271.75		0.551832
271.875		0.551832
272		0.551832
272.125		0.552439
272.25		0.552439
272.375		0.552439
272.5		0.552439
272.625		0.552439
272.75		0.552439
272.875		0.552439
273		0.552439
273.125		0.55585
273.25		0.55585
273.375		0.55585
273.5		0.55585
273.625		0.55585
273.75		0.55585
273.875		0.55585
274		0.55585
274.125		0.557516
274.25		0.557516
274.375		0.557516
274.5		0.557516
274.625		0.557516
274.75		0.557516
274.875		0.557516
275		0.557516
275.125		0.558904
275.25		0.558904
275.375		0.558904
275.5		0.558904
275.625		0.558904
275.75		0.558904
275.875		0.558904
276		0.558904
276.125		0.560974
276.25		0.560974
276.375		0.560974
276.5		0.560974
276.625		0.560974
276.75		0.560974
276.875		0.560974
277		0.560974
277.125		0.563232
277.25		0.563232
277.375		0.563232
277.5		0.563232
277.625		0.563232
277.75		0.563232
277.875		0.563232
278		0.563232
278.125		0.565333
278.25		0.565333
278.375		0.565333
278.5		0.565333
278.625		0.565333
278.75		0.565333
278.875		0.565333
279		0.565333
279.125		0.567552
279.25		0.567552
279.375		0.567552
279.5		0.567552
279.625		0.567552
279.75		0.567552
279.875		0.567552
280		0.567552
280.125		0.569231
280.25		0.569231
280.375		0.569231
280.5		0.569231
280.625		0.569231
280.75		0.569231
280.875		0.569231
281		0.569231
281.125		0.577385
281.25		0.577385
281.375		0.577385
281.5		0.577385
281.625		0.577385
281.75		0.577385
281.875		0.577385
282		0.577385
282.125		0.578315
282.25		0.578315
282.375		0.578315
282.5		0.578315
282.625		0.578315
282.75		0.578315
282.875		0.578315
283		0.578315
283.125		0.578695
283.25		0.578695
283.375		0.578695
283.5		0.578695
283.625		0.578695
283.75		0.578695
283.875		0.578695
284		0.578695
284.125		0.579242
284.25		0.579242
284.375		0.579242
284.5		0.579242
284.625		0.579242
284.75		0.579242
284.875		0.579242
285		0.579242
285.125		0.584288
285.25		0.584288
285.375		0.584288
285.5		0.584288
285.625		0.584288
285.75		0.584288
285.875		0.584288
286		0.584288
286.125		0.587397
286.25		0.587397
286.375		0.587397
286.5		0.587397
286.625		0.587397
286.75		0.587397
286.875		0.587397
287		0.587397
287.125		0.587397
287.25		0.587397
287.375		0.587397
287.5		0.587397
287.625		0.587397
287.75		0.587397
287.875		0.587397
288		0.587397
288.125		0.589022
288.25		0.589022
288.375		0.589022
288.5		0.589022
288.625		0.589022
288.75		0.589022
288.875		0.589022
289		0.589022
289.125		0.592239
289.25		0.592239
289.375		0.592239
289.5		0.592239
289.625		0.592239
289.75		0.592239
289.875		0.592239
290		0.592239
290.125		0.593907
290.25		0.593907
290.375		0.593907
290.5		0.593907
290.625		0.593907
290.75		0.593907
290.875		0.593907
291		0.593907
291.125		0.595579
291.25		0.595579
291.375		0.595579
291.5		0.595579
291.625		0.595579
291.75		0.595579
291.875		0.595579
292		0.595579
292.125		0.597091
292.25		0.597091
292.375		0.597091
292.5		0.597091
292.625		0.597091
292.75		0.597091
292.875		0.597091
293		0.597091
293.125		0.598537
293.25		0.598537
293.375		0.598537
293.5		0.598537
293.625		0.598537
293.75		0.598537
293.875		0.598537
294		0.598537
294.125		0.603059
294.25		0.603059
294.375		0.603059
294.5		0.603059
294.625		0.603059
294.75		0.603059
294.875		0.603059
295		0.603059
295.125		0.604659
295.25		0.604659
295.375		0.604659
295.5		0.604659
295.625		0.604659
295.75		0.604659
295.875		0.604659
296		0.604659
296.125		0.605225
296.25		0.605225
296.375		0.605225
296.5		0.605225
296.625		0.605225
296.75		0.605225
296.875		0.605225
297		0.605225
297.125		0.608319
297.25		0.608319
297.375		0.608319
297.5		0.608319
297.625		0.608319
297.75		0.608319
297.875		0.608319
298		0.608319
298.125		0.611723
298.25		0.611723
298.375		0.611723
298.5		0.611723
298.625		0.611723
298.75		0.611723
298.875		0.611723
299		0.611723
299.125		0.612667
299.25		0.612667
299.375		0.612667
299.5		0.612667
299.625		0.612667
299.75		0.612667
299.875		0.612667
300		0.612667
300.125		0.61479
300.25		0.61479
300.375		0.61479
300.5		0.61479
300.625		0.61479
300.75		0.61479
300.875		0.61479
301		0.61479
301.125		0.61694
301.25		0.61694
301.375		0.61694
301.5		0.61694
301.625		0.61694
301.75		0.61694
301.875		0.61694
302		0.61694
302.125		0.619141
302.25		0.619141
302.375		0.619141
302.5		0.619141
302.625		0.619141
302.75		0.619141
302.875		0.619141
303		0.619141
303.125		0.620745
303.25		0.620745
303.375		0.620745
303.5		0.620745
303.625		0.620745
303.75		0.620745
303.875		0.620745
304		0.620745
304.125		0.622743
304.25		0.622743
304.375		0.622743
304.5		0.622743
304.625		0.622743
304.75		0.622743
304.875		0.622743
305		0.622743
305.125		0.62367
305.25		0.62367
305.375		0.62367
305.5		0.62367
305.625		0.62367
305.75		0.62367
305.875		0.62367
306		0.62367
306.125		0.625312
306.25		0.625312
306.375		0.625312
306.5		0.625312
306.625		0.625312
306.75		0.625312
306.875		0.625312
307		0.625312
307.125		0.631421
307.25		0.631421
307.375		0.631421
307.5		0.631421
307.625		0.631421
307.75		0.631421
307.875		0.631421
308		0.631421
308.125		0.631726
308.25		0.631726
308.375		0.631726
308.5		0.631726
308.625		0.631726
308.75		0.631726
308.875		0.631726
309		0.631726
309.125		0.63304
309.25		0.63304
309.375		0.63304
309.5		0.63304
309.625		0.63304
309.75		0.63304
309.875		0.63304
310		0.63304
310.125		0.634573
310.25		0.634573
310.375		0.634573
310.5		0.634573
310.625		0.634573
310.75		0.634573
310.875		0.634573
311		0.634573
311.125		0.636576
311.25		0.636576
311.375		0.636576
311.5		0.636576
311.625		0.636576
311.75		0.636576
311.875		0.636576
312		0.636576
312.125		0.641692
312.25		0.641692
312.375		0.641692
312.5		0.641692
312.625		0.641692
312.75		0.641692
312.875		0.641692
313		0.641692
313.125		0.644438
313.25		0.644438
313.375		0.644438
313.5		0.644438
313.625		0.644438
313.75		0.644438
313.875		0.644438
314		0.644438
314.125		0.645366
314.25		0.645366
314.375		0.645366
314.5		0.645366
314.625		0.645366
314.75		0.645366
314.875		0.645366
315		0.645366
315.125		0.646532
315.25		0.646532
315.375		0.646532
315.5		0.646532
315.625		0.646532
315.75		0.646532
315.875		0.646532
316		0.646532
316.125		0.65013
316.25		0.65013
316.375		0.65013
316.5		0.65013
316.625		0.65013
316.75		0.65013
316.875		0.65013
317		0.65013
317.125		0.65085
317.25		0.65085
317.375		0.65085
317.5		0.65085
317.625		0.65085
317.75		0.65085
317.875		0.65085
318		0.65085
318.125		0.651909
318.25		0.651909
318.375		0.651909
318.5		0.651909
318.625		0.651909
318.75		0.651909
318.875		0.651909
319		0.651909
319.125		0.658451
319.25		0.658451
319.375		0.658451
319.5		0.658451
319.625		0.658451
319.75		0.658451
319.875		0.658451
320		0.658451
320.125		0.658451
320.25		0.658451
320.375		0.658451
320.5		0.658451
320.625		0.658451
320.75		0.658451
320.875		0.658451
321		0.658451
321.125		0.661337
321.25		0.661337
321.375		0.661337
321.5		0.661337
321.625		0.661337
321.75		0.661337
321.875		0.661337
322		0.661337
322.125		0.661469
322.25		0.661469
322.375		0.661469
322.5		0.661469
322.625		0.661469
322.75		0.661469
322.875		0.661469
323		0.661469
323.125		0.663464
323.25		0.663464
323.375		0.663464
323.5		0.663464
323.625		0.663464
323.75		0.663464
323.875		0.663464
324		0.663464
324.125		0.666687
324.25		0.666687
324.375		0.666687
324.5		0.666687
324.625		0.666687
324.75		0.666687
324.875		0.666687
325		0.666687
325.125		0.669207
325.25		0.669207
325.375		0.669207
325.5		0.669207
325.625		0.669207
325.75		0.669207
325.875		0.669207
326		0.669207
326.125		0.670746
326.25		0.670746
326.375		0.670746
326.5		0.670746
326.625		0.670746
326.75		0.670746
326.875		0.670746
327		0.670746
327.125		0.674171
327.25		0.674171
327.375		0.674171
327.5		0.674171
327.625		0.674171
327.75		0.674171
327.875		0.674171
328		0.674171
328.125		0.67565
328.25		0.67565
328.375		0.67565
328.5		0.67565
328.625		0.67565
328.75		0.67565
328.875		0.67565
329		0.67565
329.125		0.676275
329.25		0.676275
329.375		0.676275
329.5		0.676275
329.625		0.676275
329.75		0.676275
329.875		0.676275
330		0.676275
330.125		0.680408
330.25		0.680408
330.375		0.680408
330.5		0.680408
330.625		0.680408
330.75		0.680408
330.875		0.680408
331		0.680408
331.125		0.680762
331.25		0.680762
331.375		0.680762
331.5		0.680762
331.625		0.680762
331.75		0.680762
331.875		0.680762
332		0.680762
332.125		0.683281
332.25		0.683281
332.375		0.683281
332.5		0.683281
332.625		0.683281
332.75		0.683281
332.875		0.683281
333		0.683281
333.125		0.687356
333.25		0.687356
333.375		0.687356
333.5		0.687356
333.625		0.687356
333.75		0.687356
333.875		0.687356
334		0.687356
334.125		0.687486
334.25		0.687486
334.375		0.687486
334.5		0.687486
334.625		0.687486
334.75		0.687486
334.875		0.687486
335		0.687486
335.125		0.688333
335.25		0.688333
335.375		0.688333
335.5		0.688333
335.625		0.688333
335.75		0.688333
335.875		0.688333
336		0.688333
336.125		0.695585
336.25		0.695585
336.375		0.695585
336.5		0.695585
336.625		0.695585
336.75		0.695585
336.875		0.695585
337		0.695585
337.125		0.696163
337.25		0.696163
337.375		0.696163
337.5		0.696163
337.625		0.696163
337.75		0.696163
337.875		0.696163
338		0.696163
338.125		0.696817
338.25		0.696817
338.375		0.696817
338.5		0.696817
338.625		0.696817
338.75		0.696817
338.875		0.696817
339		0.696817
339.125		0.699271
339.25		0.699271
339.375		0.699271
339.5		0.699271
339.625		0.699271
339.75		0.699271
339.875		0.699271
340		0.699271
340.125		0.702159
340.25		0.702159
340.375		0.702159
340.5		0.702159
340.625		0.702159
340.75		0.702159
340.875		0.702159
341		0.702159
341.125		0.702556
341.25		0.702556
341.375		0.702556
341.5		0.702556
341.625		0.702556
341.75		0.702556
341.875		0.702556
342		0.702556
342.125		0.705962
342.25		0.705962
342.375		0.705962
342.5		0.705962
342.625		0.705962
342.75		0.705962
342.875		0.705962
343		0.705962
343.125		0.706468
343.25		0.706468
343.375		0.706468
343.5		0.706468
343.625		0.706468
343.75		0.706468
343.875		0.706468
344		0.706468
344.125		0.706874
344.25		0.706874
344.375		0.706874
344.5		0.706874
344.625		0.706874
344.75		0.706874
344.875		0.706874
345		0.706874
345.125		0.712792
345.25		0.712792
345.375		0.712792
345.5		0.712792
345.625		0.712792
345.75		0.712792
345.875		0.712792
346		0.712792
346.125		0.713076
346.25		0.713076
346.375		0.713076
346.5		0.713076
346.625		0.713076
346.75		0.713076
346.875		0.713076
347		0.713076
347.125		0.717453
347.25		0.717453
347.375		0.717453
347.5		0.717453
347.625		0.717453
347.75		0.717453
347.875		0.717453
348		0.717453
348.125		0.717784
348.25		0.717784
348.375		0.717784
348.5		0.717784
348.625		0.717784
348.75		0.717784
348.875		0.717784
349		0.717784
349.125		0.723725
349.25		0.723725
349.375		0.723725
349.5		0.723725
349.625		0.723725
349.75		0.723725
349.875		0.723725
350		0.723725
350.125		0.72709
350.25		0.72709
350.375		0.72709
350.5		0.72709
350.625		0.72709
350.75		0.72709
350.875		0.72709
351		0.72709
351.125		0.72825
351.25		0.72825
351.375		0.72825
351.5		0.72825
351.625		0.72825
351.75		0.72825
351.875		0.72825
352		0.72825
352.125		0.72868
352.25		0.72868
352.375		0.72868
352.5		0.72868
352.625		0.72868
352.75		0.72868
352.875		0.72868
353		0.72868
353.125		0.729287
353.25		0.729287
353.375		0.729287
353.5		0.729287
353.625		0.729287
353.75		0.729287
353.875		0.729287
354		0.729287
354.125		0.73488
354.25		0.73488
354.375		0.73488
354.5		0.73488
354.625		0.73488
354.75		0.73488
354.875		0.73488
355		0.73488
355.125		0.736273
355.25		0.736273
355.375		0.736273
355.5		0.736273
355.625		0.736273
355.75		0.736273
355.875		0.736273
356		0.736273
356.125		0.736273
356.25		0.736273
356.375		0.736273
356.5		0.736273
356.625		0.736273
356.75		0.736273
356.875		0.736273
357		0.736273
357.125		0.741321
357.25		0.741321
357.375		0.741321
357.5		0.741321
357.625		0.741321
357.75		0.741321
357.875		0.741321
358		0.741321
358.125		0.741605
358.25		0.741605
358.375		0.741605
358.5		0.741605
358.625		0.741605
358.75		0.741605
358.875		0.741605
359		0.741605
359.125		0.743413
359.25		0.743413
359.375		0.743413
359.5		0.743413
359.625		0.743413
359.75		0.743413
359.875		0.743413
360		0.743413
360.125		0.74549
360.25		0.74549
360.375		0.74549
360.5		0.74549
360.625		0.74549
360.75		0.74549
360.875		0.74549
361		0.74549
361.125		0.748
361.25		0.748
361.375		0.748
361.5		0.748
361.625		0.748
361.75		0.748
361.875		0.748
362		0.748
362.125		0.749384
362.25		0.749384
362.375		0.749384
362.5		0.749384
362.625		0.749384
362.75		0.749384
362.875		0.749384
363		0.749384
363.125		0.751051
363.25		0.751051
363.375		0.751051
363.5		0.751051
363.625		0.751051
363.75		0.751051
363.875		0.751051
364		0.751051
364.125		0.752497
364.25		0.752497
364.375		0.752497
364.5		0.752497
364.625		0.752497
364.75		0.752497
364.875		0.752497
365		0.752497
365.125		0.755607
365.25		0.755607
365.375		0.755607
365.5		0.755607
365.625		0.755607
365.75		0.755607
365.875		0.755607
366		0.755607
366.125		0.758077
366.25		0.758077
366.375		0.758077
366.5		0.758077
366.625		0.758077
366.75		0.758077
366.875		0.758077
367		0.758077
367.125		0.760501
367.25		0.760501
367.375		0.760501
367.5		0.760501
367.625		0.760501
367.75		0.760501
367.875		0.760501
368		0.760501
368.125		0.764576
368.25		0.764576
368.375		0.764576
368.5		0.764576
368.625		0.764576
368.75		0.764576
368.875		0.764576
369		0.764576
369.125		0.765351
369.25		0.765351
369.375		0.765351
369.5		0.765351
369.625		0.765351
369.75		0.765351
369.875		0.765351
370		0.765351
370.125		0.765754
370.25		0.765754
370.375		0.765754
370.5		0.765754
370.625		0.765754
370.75		0.765754
370.875		0.765754
371		0.765754
371.125		0.766717
371.25		0.766717
371.375		0.766717
371.5		0.766717
371.625		0.766717
371.75		0.766717
371.875		0.766717
372		0.766717
372.125		0.772471
372.25		0.772471
372.375		0.772471
372.5		0.772471
372.625		0.772471
372.75		0.772471
372.875		0.772471
373		0.772471
373.125		0.774781
373.25		0.774781
373.375		0.774781
373.5		0.774781
373.625		0.774781
373.75		0.774781
373.875		0.774781
374		0.774781
374.125		0.777531
374.25		0.777531
374.375		0.777531
374.5		0.777531
374.625		0.777531
374.75		0.777531
374.875		0.777531
375		0.777531
375.125		0.777531
375.25		0.777531
375.375		0.777531
375.5		0.777531
375.625		0.777531
375.75		0.777531
375.875		0.777531
376		0.777531
376.125		0.778652
376.25		0.778652
376.375		0.778652
376.5		0.778652
376.625		0.778652
376.75		0.778652
376.875		0.778652
377		0.778652
377.125		0.782392
377.25		0.782392
377.375		0.782392
377.5		0.782392
377.625		0.782392
377.75		0.782392
377.875		0.782392
378		0.782392
378.125		0.782731
378.25		0.782731
378.375		0.782731
378.5		0.782731
378.625		0.782731
378.75		0.782731
378.875		0.782731
379		0.782731
379.125		0.786454
379.25		0.786454
379.375		0.786454
379.5		0.786454
379.625		0.786454
379.75		0.786454
379.875		0.786454
380		0.786454
380.125		0.788396
380.25		0.788396
380.375		0.788396
380.5		0.788396
380.625		0.788396
380.75		0.788396
380.875		0.788396
381		0.788396
381.125		0.790503
381.25		0.790503
381.375		0.790503
381.5		0.790503
381.625		0.790503
381.75		0.790503
381.875		0.790503
382		0.790503
382.125		0.790865
382.25		0.790865
382.375		0.790865
382.5		0.790865
382.625		0.790865
382.75		0.790865
382.875		0.790865
383		0.790865
383.125		0.793516
383.25		0.793516
383.375		0.793516
383.5		0.793516
383.625		0.793516
383.75		0.793516
383.875		0.793516
384		0.793516
384.125		0.794378
384.25		0.794378
384.375		0.794378
384.5		0.794378
384.625		0.794378
384.75		0.794378
384.875		0.794378
385		0.794378
385.125		0.801604
385.25		0.801604
385.375		0.801604
385.5		0.801604
385.625		0.801604
385.75		0.801604
385.875		0.801604
386		0.801604
386.125		0.80201
386.25		0.80201
386.375		0.80201
386.5		0.80201
386.625		0.80201
386.75		0.80201
386.875		0.80201
387		0.80201
387.125		0.802524
387.25		0.802524
387.375		0.802524
387.5		0.802524
387.625		0.802524
387.75		0.802524
387.875		0.802524
388		0.802524
388.125		0.803279
388.25		0.803279
388.375		0.803279
388.5		0.803279
388.625		0.803279
388.75		0.803279
388.875		0.803279
389		0.803279
389.125		0.80597
389.25		0.80597
389.375		0.80597
389.5		0.80597
389.625		0.80597
389.75		0.80597
389.875		0.80597
390		0.80597
390.125		0.809668
390.25		0.809668
390.375		0.809668
390.5		0.809668
390.625		0.809668
390.75		0.809668
390.875		0.809668
391		0.809668
391.125		0.80996
391.25		0.80996
391.375		0.80996
391.5		0.80996
391.625		0.80996
391.75		0.80996
391.875		0.80996
392		0.80996
392.125		0.812464
392.25		0.812464
392.375		0.812464
392.5		0.812464
392.625		0.812464
392.75		0.812464
392.875		0.812464
393		0.812464
393.125		0.816341
393.25		0.816341
393.375		0.816341
393.5		0.816341
393.625		0.816341
393.75		0.816341
393.875		0.816341
394		0.816341
394.125		0.817189
394.25		0.817189
394.375		0.817189
394.5		0.817189
394.625		0.817189
394.75		0.817189
394.875		0.817189
395		0.817189
395.125		0.819165
395.25		0.819165
395.375		0.819165
395.5		0.819165
395.625		0.819165
395.75		0.819165
395.875		0.819165
396		0.819165
396.125		0.822175
396.25		0.822175
396.375		0.822175
396.5		0.822175
396.625		0.822175
396.75		0.822175
396.875		0.822175
397		0.822175
397.125		0.822537
397.25		0.822537
397.375		0.822537
397.5		0.822537
397.625		0.822537
397.75		0.822537
397.875		0.822537
398		0.822537
398.125		0.823973
398.25		0.823973
398.375		0.823973
398.5		0.823973
398.625		0.823973
398.75		0.823973
398.875		0.823973
399		0.823973
399.125		0.829514
399.25		0.829514
399.375		0.829514
399.5		0.829514
399.625		0.829514
399.75		0.829514
399.875		0.829514
400		0.829514
400.125		0.831086
400.25		0.831086
400.375		0.831086
400.5		0.831086
400.625		0.831086
400.75		0.831086
400.875		0.831086
401		0.831086
401.125		0.831226
401.25		0.831226
401.375		0.831226
401.5		0.831226
401.625		0.831226
401.75		0.831226
401.875		0.831226
402		0.831226
402.125		0.834624
402.25		0.834624
402.375		0.834624
402.5		0.834624
402.625		0.834624
402.75		0.834624
402.875		0.834624
403		0.834624
403.125		0.836597
403.25		0.836597
403.375		0.836597
403.5		0.836597
403.625		0.836597
403.75		0.836597
403.875		0.836597
404		0.836597
404.125		0.836912
404.25		0.836912
404.375		0.836912
404.5		0.836912
404.625		0.836912
404.75		0.836912
404.875		0.836912
405		0.836912
405.125		0.842287
405.25		0.842287
405.375		0.842287
405.5		0.842287
405.625		0.842287
405.75		0.842287
405.875		0.842287
406		0.842287
406.125		0.842657
406.25		0.842657
406.375		0.842657
406.5		0.842657
406.625		0.842657
406.75		0.842657
406.875		0.842657
407		0.842657
407.125		0.844891
407.25		0.844891
407.375		0.844891
407.5		0.844891
407.625		0.844891
407.75		0.844891
407.875		0.844891
408		0.844891
408.125		0.845753
408.25		0.845753
408.375		0.845753
408.5		0.845753
408.625		0.845753
408.75		0.845753
408.875		0.845753
409		0.845753
409.125		0.849102
409.25		0.849102
409.375		0.849102
409.5		0.849102
409.625		0.849102
409.75		0.849102
409.875		0.849102
410		0.849102
410.125		0.84948
410.25		0.84948
410.375		0.84948
410.5		0.84948
410.625		0.84948
410.75		0.84948
410.875		0.84948
411		0.84948
411.125		0.853444
411.25		0.853444
411.375		0.853444
411.5		0.853444
411.625		0.853444
411.75		0.853444
411.875		0.853444
412		0.853444
412.125		0.857315
412.25		0.857315
412.375		0.857315
412.5		0.857315
412.625		0.857315
412.75		0.857315
412.875		0.857315
413		0.857315
413.125		0.859241
413.25		0.859241
413.375		0.859241
413.5		0.859241
413.625		0.859241
413.75		0.859241
413.875		0.859241
414		0.859241
414.125		0.85958
414.25		0.85958
414.375		0.85958
414.5		0.85958
414.625		0.85958
414.75		0.85958
414.875		0.85958
415		0.85958
415.125		0.859987
415.25		0.859987
415.375		0.859987
415.5		0.859987
415.625		0.859987
415.75		0.859987
415.875		0.859987
416		0.859987
416.125		0.864554
416.25		0.864554
416.375		0.864554
416.5		0.864554
416.625		0.864554
416.75		0.864554
416.875		0.864554
417		0.864554
417.125		0.86678
417.25		0.86678
417.375		0.86678
417.5		0.86678
417.625		0.86678
417.75		0.86678
417.875		0.86678
418		0.86678
418.125		0.870322
418.25		0.870322
418.375		0.870322
418.5		0.870322
418.625		0.870322
418.75		0.870322
418.875		0.870322
419		0.870322
419.125		0.871202
419.25		0.871202
419.375		0.871202
419.5		0.871202
419.625		0.871202
419.75		0.871202
419.875		0.871202
420		0.871202
420.125		0.872844
420.25		0.872844
420.375		0.872844
420.5		0.872844
420.625		0.872844
420.75		0.872844
420.875		0.872844
421		0.872844
421.125		0.873815
421.25		0.873815
421.375		0.873815
421.5		0.873815
421.625		0.873815
421.75		0.873815
421.875		0.873815
422		0.873815
422.125		0.875592
422.25		0.875592
422.375		0.875592
422.5		0.875592
422.625		0.875592
422.75		0.875592
422.875		0.875592
423		0.875592
423.125		0.879221
423.25		0.879221
423.375		0.879221
423.5		0.879221
423.625		0.879221
423.75		0.879221
423.875		0.879221
424		0.879221
424.125		0.882549
424.25		0.882549
424.375		0.882549
424.5		0.882549
424.625		0.882549
424.75		0.882549
424.875		0.882549
425		0.882549
425.125		0.885569
425.25		0.885569
425.375		0.885569
425.5		0.885569
425.625		0.885569
425.75		0.885569
425.875		0.885569
426		0.885569
426.125		0.886013
426.25		0.886013
426.375		0.886013
426.5		0.886013
426.625		0.886013
426.75		0.886013
426.875		0.886013
427		0.886013
427.125		0.886488
427.25		0.886488
427.375		0.886488
427.5		0.886488
427.625		0.886488
427.75		0.886488
427.875		0.886488
428		0.886488
428.125		0.889679
428.25		0.889679
428.375		0.889679
428.5		0.889679
428.625		0.889679
428.75		0.889679
428.875		0.889679
429		0.889679
429.125		0.893717
429.25		0.893717
429.375		0.893717
429.5		0.893717
429.625		0.893717
429.75		0.893717
429.875		0.893717
430		0.893717
430.125		0.894655
430.25		0.894655
430.375		0.894655
430.5		0.894655
430.625		0.894655
430.75		0.894655
430.875		0.894655
431		0.894655
431.125		0.897592
431.25		0.897592
431.375		0.897592
431.5		0.897592
431.625		0.897592
431.75		0.897592
431.875		0.897592
432		0.897592
432.125		0.898822
432.25		0.898822
432.375		0.898822
432.5		0.898822
432.625		0.898822
432.75		0.898822
432.875		0.898822
433		0.898822
433.125		0.899277
433.25		0.899277
433.375		0.899277
433.5		0.899277
433.625		0.899277
433.75		0.899277
433.875		0.899277
434		0.899277
434.125		0.902741
434.25		0.902741
434.375		0.902741
434.5		0.902741
434.625		0.902741
434.75		0.902741
434.875		0.902741
435		0.902741
435.125		0.90566
435.25		0.90566
435.375		0.90566
435.5		0.90566
435.625		0.90566
435.75		0.90566
435.875		0.90566
436		0.90566
436.125		0.909842
436.25		0.909842
436.375		0.909842
436.5		0.909842
436.625		0.909842
436.75		0.909842
436.875		0.909842
437		0.909842
437.125		0.910975
437.25		0.910975
437.375		0.910975
437.5		0.910975
437.625		0.910975
437.75		0.910975
437.875		0.910975
438		0.910975
438.125		0.91149
438.25		0.91149
438.375		0.91149
438.5		0.91149
438.625		0.91149
438.75		0.91149
438.875		0.91149
439		0.91149
439.125		0.914579
439.25		0.914579
439.375		0.914579
439.5		0.914579
439.625		0.914579
439.75		0.914579
439.875		0.914579
440		0.914579
440.125		0.915297
440.25		0.915297
440.375		0.915297
440.5		0.915297
440.625		0.915297
440.75		0.915297
440.875		0.915297
441		0.915297
441.125		0.920174
441.25		0.920174
441.375		0.920174
441.5		0.920174
441.625		0.920174
441.75		0.920174
441.875		0.920174
442		0.920174
442.125		0.921586
442.25		0.921586
442.375		0.921586
442.5		0.921586
442.625		0.921586
442.75		0.921586
442.875		0.921586
443		0.921586
443.125		0.921933
443.25		0.921933
443.375		0.921933
443.5		0.921933
443.625		0.921933
443.75		0.921933
443.875		0.921933
444		0.921933
444.125		0.925054
444.25		0.925054
444.375		0.925054
444.5		0.925054
444.625		0.925054
444.75		0.925054
444.875		0.925054
445		0.925054
445.125		0.92854
445.25		0.92854
445.375		0.92854
445.5		0.92854
445.625		0.92854
445.75		0.92854
445.875		0.92854
446		0.92854
446.125		0.92984
446.25		0.92984
446.375		0.92984
446.5		0.92984
446.625		0.92984
446.75		0.92984
446.875		0.92984
447		0.92984
447.125		0.931116
447.25		0.931116
447.375		0.931116
447.5		0.931116
447.625		0.931116
447.75		0.931116
447.875		0.931116
448		0.931116
448.125		0.932274
448.25		0.932274
448.375		0.932274
448.5		0.932274
448.625		0.932274
448.75		0.932274
448.875		0.932274
449		0.932274
449.125		0.932576
449.25		0.932576
449.375		0.932576
449.5		0.932576
449.625		0.932576
449.75		0.932576
449.875		0.932576
450		0.932576
450.125		0.935783
450.25		0.935783
450.375		0.935783
450.5		0.935783
450.625		0.935783
450.75		0.935783
450.875		0.935783
451		0.935783
451.125		0.940778
451.25		0.940778
451.375		0.940778
451.5		0.940778
451.625		0.940778
451.75		0.940778
451.875		0.940778
452		0.940778
452.125		0.942697
452.25		0.942697
452.375		0.942697
452.5		0.942697
452.625		0.942697
452.75		0.942697
452.875		0.942697
453		0.942697
453.125		0.944011
453.25		0.944011
453.375		0.944011
453.5		0.944011
453.625		0.944011
453.75		0.944011
453.875		0.944011
454		0.944011
454.125		0.946673
454.25		0.946673
454.375		0.946673
454.5		0.946673
454.625		0.946673
454.75		0.946673
454.875		0.946673
455		0.946673
455.125		0.948483
455.25		0.948483
455.375		0.948483
455.5		0.948483
455.625		0.948483
455.75		0.948483
455.875		0.948483
456		0.948483
456.125		0.950983
456.25		0.950983
456.375		0.950983
456.5		0.950983
456.625		0.950983
456.75		0.950983
456.875		0.950983
457		0.950983
457.125		0.954998
457.25		0.954998
457.375		0.954998
457.5		0.954998
457.625		0.954998
457.75		0.954998
457.875		0.954998
458		0.954998
458.125		0.95578
458.25		0.95578
458.375		0.95578
458.5		0.95578
458.625		0.95578
458.75		0.95578
458.875		0.95578
459		0.95578
459.125		0.956498
459.25		0.956498
459.375		0.956498
459.5		0.956498
459.625		0.956498
459.75		0.956498
459.875		0.956498
460		0.956498
460.125		0.958382
460.25		0.958382
460.375		0.958382
460.5		0.958382
460.625		0.958382
460.75		0.958382
460.875		0.958382
461		0.958382
461.125		0.960867
461.25		0.960867
461.375		0.960867
461.5		0.960867
461.625		0.960867
461.75		0.960867
461.875		0.960867
462		0.960867
462.125		0.963259
462.25		0.963259
462.375		0.963259
462.5		0.963259
462.625		0.963259
462.75		0.963259
462.875		0.963259
463		0.963259
463.125		0.967112
463.25		0.967112
463.375		0.967112
463.5		0.967112
463.625		0.967112
463.75		0.967112
463.875		0.967112
464		0.967112
464.125		0.968204
464.25		0.968204
464.375		0.968204
464.5		0.968204
464.625		0.968204
464.75		0.968204
464.875		0.968204
465		0.968204
465.125		0.970216
465.25		0.970216
465.375		0.970216
465.5		0.970216
465.625		0.970216
465.75		0.970216
465.875		0.970216
466		0.970216
466.125		0.97258
466.25		0.97258
466.375		0.97258
466.5		0.97258
466.625		0.97258
466.75		0.97258
466.875		0.97258
467		0.97258
467.125		0.973267
467.25		0.973267
467.375		0.973267
467.5		0.973267
467.625		0.973267
467.75		0.973267
467.875		0.973267
468		0.973267
468.125		0.977953
468.25		0.977953
468.375		0.977953
468.5		0.977953
468.625		0.977953
468.75		0.977953
468.875		0.977953
469		0.977953
469.125		0.978882
469.25		0.978882
469.375		0.978882
469.5		0.978882
469.625		0.978882
469.75		0.978882
469.875		0.978882
470		0.978882
470.125		0.979825
470.25		0.979825
470.375		0.979825
470.5		0.979825
470.625		0.979825
470.75		0.979825
470.875		0.979825
471		0.979825
471.125		0.983607
471.25		0.983607
471.375		0.983607
471.5		0.983607
471.625		0.983607
471.75		0.983607
471.875		0.983607
472		0.983607
472.125		0.984712
472.25		0.984712
472.375		0.984712
472.5		0.984712
472.625		0.984712
472.75		0.984712
472.875		0.984712
473		0.984712
473.125		0.987113
473.25		0.987113
473.375		0.987113
473.5		0.987113
473.625		0.987113
473.75		0.987113
473.875		0.987113
474		0.987113
474.125		0.990554
474.25		0.990554
474.375		0.990554
474.5		0.990554
474.625		0.990554
474.75		0.990554
474.875		0.990554
475		0.990554
475.125		0.992039
475.25		0.992039
475.375		0.992039
475.5		0.992039
475.625		0.992039
475.75		0.992039
475.875		0.992039
476		0.992039
476.125		0.992926
476.25		0.992926
476.375		0.992926
476.5		0.992926
476.625		0.992926
476.75		0.992926
476.875		0.992926
477		0.992926
477.125		0.996238
477.25		0.996238
477.375		0.996238
477.5		0.996238
477.625		0.996238
477.75		0.996238
477.875		0.996238
478		0.996238
478.125		0.99855
478.25		0.99855
478.375		0.99855
478.5		0.99855
478.625		0.99855
478.75		0.99855
478.875		0.99855
479		0.99855
479.125		0.999634
479.25		0.999634
479.375		0.999634
479.5		0.999634
479.625		0.999634
479.75		0.999634
479.875		0.999634
480		0.999634
480.125		1
480.25		1
480.375		1
480.5		1
480.625		1
480.75		1
480.875		1
481		1
481.125		1
481.25		1
481.375		1
481.5		1
481.625		1
481.75		1
481.875		1
482		1
482.125		1
482.25		1
482.375		1
482.5		1
482.625		1
482.75		1
482.875		1
483		1
483.125		1
483.25		1
483.375		1
483.5		1
483.625		1
483.75		1
483.875		1
484		1
484.125		1
484.25		1
484.375		1
484.5		1
484.625		1
484.75		1
484.875		1
485		1
485.125		1
485.25		1
485.375		1
485.5		1
485.625		1
485.75		1
485.875		1
486		1
486.125		1
486.25		1
486.375		1
486.5		1
486.625		1
486.75		1
486.875		1
487		1
487.125		1
487.25		1
487.375		1
487.5		1
487.625		1
487.75		1
487.875		1
488		1
488.125		1
488.25		1
488.375		1
488.5		1
488.625		1
488.75		1
488.875		1
489		1
489.125		1
489.25		1
489.375		1
489.5		1
489.625		1
489.75		1
489.875		1
490		1
490.125		1
490.25		1
490.375		1
490.5		1
490.625		1
490.75		1
490.875		1
491		1
491.125		1
491.25		1
491.375		1
491.5		1
491.625		1
491.75		1
491.875		1
492		1
492.125		1
492.25		1
492.375		1
492.5		1
492.625		1
492.75		1
492.875		1
493		1
493.125		1
493.25		1
493.375		1
493.5		1
493.625		1
493.75		1
493.875		1
494		1
494.125		1
494.25		1
494.375		1
494.5		1
494.625		1
494.75		1
494.875		1
495		1
495.125		1
495.25		1
495.375		1
495.5		1
495.625		1
495.75		1
495.875		1
496		1
496.125		1
496.25		1
496.375		1
496.5		1
496.625		1
496.75		1
496.875		1
497		1
497.125		1
497.25		1
497.375		1
497.5		1
497.625		1
497.75		1
497.875		1
498		1
498.125		1
498.25		1
498.375		1
498.5		1
498.625		1
498.75		1
498.875		1
499		1
499.125		1
499.25		1
499.375		1
499.5		1
499.625		1
499.75		1
499.875		1
500		1
