# Calibration file of tamex_id 0 @ channel 3
# fine_T bin		 Calibration value
0.125		0
0.25		0
0.375		0
0.5		0
0.625		0
0.75		0
0.875		0
1		0
1.125		0
1.25		0
1.375		0
1.5		0
1.625		0
1.75		0
1.875		0
2		0
2.125		0
2.25		0
2.375		0
2.5		0
2.625		0
2.75		0
2.875		0
3		0
3.125		0
3.25		0
3.375		0
3.5		0
3.625		0
3.75		0
3.875		0
4		0
4.125		0
4.25		0
4.375		0
4.5		0
4.625		0
4.75		0
4.875		0
5		0
5.125		0
5.25		0
5.375		0
5.5		0
5.625		0
5.75		0
5.875		0
6		0
6.125		0
6.25		0
6.375		0
6.5		0
6.625		0
6.75		0
6.875		0
7		0
7.125		0
7.25		0
7.375		0
7.5		0
7.625		0
7.75		0
7.875		0
8		0
8.125		0
8.25		0
8.375		0
8.5		0
8.625		0
8.75		0
8.875		0
9		0
9.125		0
9.25		0
9.375		0
9.5		0
9.625		0
9.75		0
9.875		0
10		0
10.125		0
10.25		0
10.375		0
10.5		0
10.625		0
10.75		0
10.875		0
11		0
11.125		0
11.25		0
11.375		0
11.5		0
11.625		0
11.75		0
11.875		0
12		0
12.125		0
12.25		0
12.375		0
12.5		0
12.625		0
12.75		0
12.875		0
13		0
13.125		0
13.25		0
13.375		0
13.5		0
13.625		0
13.75		0
13.875		0
14		0
14.125		0
14.25		0
14.375		0
14.5		0
14.625		0
14.75		0
14.875		0
15		0
15.125		0
15.25		0
15.375		0
15.5		0
15.625		0
15.75		0
15.875		0
16		0
16.125		0
16.25		0
16.375		0
16.5		0
16.625		0
16.75		0
16.875		0
17		0
17.125		0.00618655
17.25		0.00618655
17.375		0.00618655
17.5		0.00618655
17.625		0.00618655
17.75		0.00618655
17.875		0.00618655
18		0.00618655
18.125		0.00708306
18.25		0.00708306
18.375		0.00708306
18.5		0.00708306
18.625		0.00708306
18.75		0.00708306
18.875		0.00708306
19		0.00708306
19.125		0.00956184
19.25		0.00956184
19.375		0.00956184
19.5		0.00956184
19.625		0.00956184
19.75		0.00956184
19.875		0.00956184
20		0.00956184
20.125		0.0131479
20.25		0.0131479
20.375		0.0131479
20.5		0.0131479
20.625		0.0131479
20.75		0.0131479
20.875		0.0131479
21		0.0131479
21.125		0.0155673
21.25		0.0155673
21.375		0.0155673
21.5		0.0155673
21.625		0.0155673
21.75		0.0155673
21.875		0.0155673
22		0.0155673
22.125		0.0171674
22.25		0.0171674
22.375		0.0171674
22.5		0.0171674
22.625		0.0171674
22.75		0.0171674
22.875		0.0171674
23		0.0171674
23.125		0.0173128
23.25		0.0173128
23.375		0.0173128
23.5		0.0173128
23.625		0.0173128
23.75		0.0173128
23.875		0.0173128
24		0.0173128
24.125		0.0192454
24.25		0.0192454
24.375		0.0192454
24.5		0.0192454
24.625		0.0192454
24.75		0.0192454
24.875		0.0192454
25		0.0192454
25.125		0.02382
25.25		0.02382
25.375		0.02382
25.5		0.02382
25.625		0.02382
25.75		0.02382
25.875		0.02382
26		0.02382
26.125		0.0256249
26.25		0.0256249
26.375		0.0256249
26.5		0.0256249
26.625		0.0256249
26.75		0.0256249
26.875		0.0256249
27		0.0256249
27.125		0.0259277
27.25		0.0259277
27.375		0.0259277
27.5		0.0259277
27.625		0.0259277
27.75		0.0259277
27.875		0.0259277
28		0.0259277
28.125		0.029674
28.25		0.029674
28.375		0.029674
28.5		0.029674
28.625		0.029674
28.75		0.029674
28.875		0.029674
29		0.029674
29.125		0.0301698
29.25		0.0301698
29.375		0.0301698
29.5		0.0301698
29.625		0.0301698
29.75		0.0301698
29.875		0.0301698
30		0.0301698
30.125		0.0337381
30.25		0.0337381
30.375		0.0337381
30.5		0.0337381
30.625		0.0337381
30.75		0.0337381
30.875		0.0337381
31		0.0337381
31.125		0.0344416
31.25		0.0344416
31.375		0.0344416
31.5		0.0344416
31.625		0.0344416
31.75		0.0344416
31.875		0.0344416
32		0.0344416
32.125		0.0347177
32.25		0.0347177
32.375		0.0347177
32.5		0.0347177
32.625		0.0347177
32.75		0.0347177
32.875		0.0347177
33		0.0347177
33.125		0.0349552
33.25		0.0349552
33.375		0.0349552
33.5		0.0349552
33.625		0.0349552
33.75		0.0349552
33.875		0.0349552
34		0.0349552
34.125		0.0406786
34.25		0.0406786
34.375		0.0406786
34.5		0.0406786
34.625		0.0406786
34.75		0.0406786
34.875		0.0406786
35		0.0406786
35.125		0.0430476
35.25		0.0430476
35.375		0.0430476
35.5		0.0430476
35.625		0.0430476
35.75		0.0430476
35.875		0.0430476
36		0.0430476
36.125		0.043383
36.25		0.043383
36.375		0.043383
36.5		0.043383
36.625		0.043383
36.75		0.043383
36.875		0.043383
37		0.043383
37.125		0.0454759
37.25		0.0454759
37.375		0.0454759
37.5		0.0454759
37.625		0.0454759
37.75		0.0454759
37.875		0.0454759
38		0.0454759
38.125		0.0490055
38.25		0.0490055
38.375		0.0490055
38.5		0.0490055
38.625		0.0490055
38.75		0.0490055
38.875		0.0490055
39		0.0490055
39.125		0.0498041
39.25		0.0498041
39.375		0.0498041
39.5		0.0498041
39.625		0.0498041
39.75		0.0498041
39.875		0.0498041
40		0.0498041
40.125		0.0519711
40.25		0.0519711
40.375		0.0519711
40.5		0.0519711
40.625		0.0519711
40.75		0.0519711
40.875		0.0519711
41		0.0519711
41.125		0.0528439
41.25		0.0528439
41.375		0.0528439
41.5		0.0528439
41.625		0.0528439
41.75		0.0528439
41.875		0.0528439
42		0.0528439
42.125		0.0572166
42.25		0.0572166
42.375		0.0572166
42.5		0.0572166
42.625		0.0572166
42.75		0.0572166
42.875		0.0572166
43		0.0572166
43.125		0.0592679
43.25		0.0592679
43.375		0.0592679
43.5		0.0592679
43.625		0.0592679
43.75		0.0592679
43.875		0.0592679
44		0.0592679
44.125		0.0598379
44.25		0.0598379
44.375		0.0598379
44.5		0.0598379
44.625		0.0598379
44.75		0.0598379
44.875		0.0598379
45		0.0598379
45.125		0.0611293
45.25		0.0611293
45.375		0.0611293
45.5		0.0611293
45.625		0.0611293
45.75		0.0611293
45.875		0.0611293
46		0.0611293
46.125		0.0653476
46.25		0.0653476
46.375		0.0653476
46.5		0.0653476
46.625		0.0653476
46.75		0.0653476
46.875		0.0653476
47		0.0653476
47.125		0.0664401
47.25		0.0664401
47.375		0.0664401
47.5		0.0664401
47.625		0.0664401
47.75		0.0664401
47.875		0.0664401
48		0.0664401
48.125		0.0671763
48.25		0.0671763
48.375		0.0671763
48.5		0.0671763
48.625		0.0671763
48.75		0.0671763
48.875		0.0671763
49		0.0671763
49.125		0.0703349
49.25		0.0703349
49.375		0.0703349
49.5		0.0703349
49.625		0.0703349
49.75		0.0703349
49.875		0.0703349
50		0.0703349
50.125		0.0729769
50.25		0.0729769
50.375		0.0729769
50.5		0.0729769
50.625		0.0729769
50.75		0.0729769
50.875		0.0729769
51		0.0729769
51.125		0.0737962
51.25		0.0737962
51.375		0.0737962
51.5		0.0737962
51.625		0.0737962
51.75		0.0737962
51.875		0.0737962
52		0.0737962
52.125		0.0753458
52.25		0.0753458
52.375		0.0753458
52.5		0.0753458
52.625		0.0753458
52.75		0.0753458
52.875		0.0753458
53		0.0753458
53.125		0.0781838
53.25		0.0781838
53.375		0.0781838
53.5		0.0781838
53.625		0.0781838
53.75		0.0781838
53.875		0.0781838
54		0.0781838
54.125		0.0783382
54.25		0.0783382
54.375		0.0783382
54.5		0.0783382
54.625		0.0783382
54.75		0.0783382
54.875		0.0783382
55		0.0783382
55.125		0.0830493
55.25		0.0830493
55.375		0.0830493
55.5		0.0830493
55.625		0.0830493
55.75		0.0830493
55.875		0.0830493
56		0.0830493
56.125		0.0850056
56.25		0.0850056
56.375		0.0850056
56.5		0.0850056
56.625		0.0850056
56.75		0.0850056
56.875		0.0850056
57		0.0850056
57.125		0.0851422
57.25		0.0851422
57.375		0.0851422
57.5		0.0851422
57.625		0.0851422
57.75		0.0851422
57.875		0.0851422
58		0.0851422
58.125		0.0890073
58.25		0.0890073
58.375		0.0890073
58.5		0.0890073
58.625		0.0890073
58.75		0.0890073
58.875		0.0890073
59		0.0890073
59.125		0.0901324
59.25		0.0901324
59.375		0.0901324
59.5		0.0901324
59.625		0.0901324
59.75		0.0901324
59.875		0.0901324
60		0.0901324
60.125		0.0953274
60.25		0.0953274
60.375		0.0953274
60.5		0.0953274
60.625		0.0953274
60.75		0.0953274
60.875		0.0953274
61		0.0953274
61.125		0.0965208
61.25		0.0965208
61.375		0.0965208
61.5		0.0965208
61.625		0.0965208
61.75		0.0965208
61.875		0.0965208
62		0.0965208
62.125		0.0970195
62.25		0.0970195
62.375		0.0970195
62.5		0.0970195
62.625		0.0970195
62.75		0.0970195
62.875		0.0970195
63		0.0970195
63.125		0.0995132
63.25		0.0995132
63.375		0.0995132
63.5		0.0995132
63.625		0.0995132
63.75		0.0995132
63.875		0.0995132
64		0.0995132
64.125		0.102606
64.25		0.102606
64.375		0.102606
64.5		0.102606
64.625		0.102606
64.75		0.102606
64.875		0.102606
65		0.102606
65.125		0.104735
65.25		0.104735
65.375		0.104735
65.5		0.104735
65.625		0.104735
65.75		0.104735
65.875		0.104735
66		0.104735
66.125		0.105234
66.25		0.105234
66.375		0.105234
66.5		0.105234
66.625		0.105234
66.75		0.105234
66.875		0.105234
67		0.105234
67.125		0.106706
67.25		0.106706
67.375		0.106706
67.5		0.106706
67.625		0.106706
67.75		0.106706
67.875		0.106706
68		0.106706
68.125		0.111601
68.25		0.111601
68.375		0.111601
68.5		0.111601
68.625		0.111601
68.75		0.111601
68.875		0.111601
69		0.111601
69.125		0.112762
69.25		0.112762
69.375		0.112762
69.5		0.112762
69.625		0.112762
69.75		0.112762
69.875		0.112762
70		0.112762
70.125		0.115276
70.25		0.115276
70.375		0.115276
70.5		0.115276
70.625		0.115276
70.75		0.115276
70.875		0.115276
71		0.115276
71.125		0.11655
71.25		0.11655
71.375		0.11655
71.5		0.11655
71.625		0.11655
71.75		0.11655
71.875		0.11655
72		0.11655
72.125		0.1185
72.25		0.1185
72.375		0.1185
72.5		0.1185
72.625		0.1185
72.75		0.1185
72.875		0.1185
73		0.1185
73.125		0.120584
73.25		0.120584
73.375		0.120584
73.5		0.120584
73.625		0.120584
73.75		0.120584
73.875		0.120584
74		0.120584
74.125		0.122291
74.25		0.122291
74.375		0.122291
74.5		0.122291
74.625		0.122291
74.75		0.122291
74.875		0.122291
75		0.122291
75.125		0.122742
75.25		0.122742
75.375		0.122742
75.5		0.122742
75.625		0.122742
75.75		0.122742
75.875		0.122742
76		0.122742
76.125		0.124342
76.25		0.124342
76.375		0.124342
76.5		0.124342
76.625		0.124342
76.75		0.124342
76.875		0.124342
77		0.124342
77.125		0.129184
77.25		0.129184
77.375		0.129184
77.5		0.129184
77.625		0.129184
77.75		0.129184
77.875		0.129184
78		0.129184
78.125		0.130452
78.25		0.130452
78.375		0.130452
78.5		0.130452
78.625		0.130452
78.75		0.130452
78.875		0.130452
79		0.130452
79.125		0.131316
79.25		0.131316
79.375		0.131316
79.5		0.131316
79.625		0.131316
79.75		0.131316
79.875		0.131316
80		0.131316
80.125		0.13497
80.25		0.13497
80.375		0.13497
80.5		0.13497
80.625		0.13497
80.75		0.13497
80.875		0.13497
81		0.13497
81.125		0.135677
81.25		0.135677
81.375		0.135677
81.5		0.135677
81.625		0.135677
81.75		0.135677
81.875		0.135677
82		0.135677
82.125		0.136241
82.25		0.136241
82.375		0.136241
82.5		0.136241
82.625		0.136241
82.75		0.136241
82.875		0.136241
83		0.136241
83.125		0.138102
83.25		0.138102
83.375		0.138102
83.5		0.138102
83.625		0.138102
83.75		0.138102
83.875		0.138102
84		0.138102
84.125		0.140064
84.25		0.140064
84.375		0.140064
84.5		0.140064
84.625		0.140064
84.75		0.140064
84.875		0.140064
85		0.140064
85.125		0.145321
85.25		0.145321
85.375		0.145321
85.5		0.145321
85.625		0.145321
85.75		0.145321
85.875		0.145321
86		0.145321
86.125		0.147147
86.25		0.147147
86.375		0.147147
86.5		0.147147
86.625		0.147147
86.75		0.147147
86.875		0.147147
87		0.147147
87.125		0.147655
87.25		0.147655
87.375		0.147655
87.5		0.147655
87.625		0.147655
87.75		0.147655
87.875		0.147655
88		0.147655
88.125		0.147809
88.25		0.147809
88.375		0.147809
88.5		0.147809
88.625		0.147809
88.75		0.147809
88.875		0.147809
89		0.147809
89.125		0.148528
89.25		0.148528
89.375		0.148528
89.5		0.148528
89.625		0.148528
89.75		0.148528
89.875		0.148528
90		0.148528
90.125		0.153981
90.25		0.153981
90.375		0.153981
90.5		0.153981
90.625		0.153981
90.75		0.153981
90.875		0.153981
91		0.153981
91.125		0.15418
91.25		0.15418
91.375		0.15418
91.5		0.15418
91.625		0.15418
91.75		0.15418
91.875		0.15418
92		0.15418
92.125		0.157151
92.25		0.157151
92.375		0.157151
92.5		0.157151
92.625		0.157151
92.75		0.157151
92.875		0.157151
93		0.157151
93.125		0.159262
93.25		0.159262
93.375		0.159262
93.5		0.159262
93.625		0.159262
93.75		0.159262
93.875		0.159262
94		0.159262
94.125		0.163302
94.25		0.163302
94.375		0.163302
94.5		0.163302
94.625		0.163302
94.75		0.163302
94.875		0.163302
95		0.163302
95.125		0.163967
95.25		0.163967
95.375		0.163967
95.5		0.163967
95.625		0.163967
95.75		0.163967
95.875		0.163967
96		0.163967
96.125		0.165734
96.25		0.165734
96.375		0.165734
96.5		0.165734
96.625		0.165734
96.75		0.165734
96.875		0.165734
97		0.165734
97.125		0.165906
97.25		0.165906
97.375		0.165906
97.5		0.165906
97.625		0.165906
97.75		0.165906
97.875		0.165906
98		0.165906
98.125		0.170222
98.25		0.170222
98.375		0.170222
98.5		0.170222
98.625		0.170222
98.75		0.170222
98.875		0.170222
99		0.170222
99.125		0.172938
99.25		0.172938
99.375		0.172938
99.5		0.172938
99.625		0.172938
99.75		0.172938
99.875		0.172938
100		0.172938
100.125		0.17311
100.25		0.17311
100.375		0.17311
100.5		0.17311
100.625		0.17311
100.75		0.17311
100.875		0.17311
101		0.17311
101.125		0.175711
101.25		0.175711
101.375		0.175711
101.5		0.175711
101.625		0.175711
101.75		0.175711
101.875		0.175711
102		0.175711
102.125		0.179134
102.25		0.179134
102.375		0.179134
102.5		0.179134
102.625		0.179134
102.75		0.179134
102.875		0.179134
103		0.179134
103.125		0.18063
103.25		0.18063
103.375		0.18063
103.5		0.18063
103.625		0.18063
103.75		0.18063
103.875		0.18063
104		0.18063
104.125		0.183091
104.25		0.183091
104.375		0.183091
104.5		0.183091
104.625		0.183091
104.75		0.183091
104.875		0.183091
105		0.183091
105.125		0.183518
105.25		0.183518
105.375		0.183518
105.5		0.183518
105.625		0.183518
105.75		0.183518
105.875		0.183518
106		0.183518
106.125		0.18532
106.25		0.18532
106.375		0.18532
106.5		0.18532
106.625		0.18532
106.75		0.18532
106.875		0.18532
107		0.18532
107.125		0.188363
107.25		0.188363
107.375		0.188363
107.5		0.188363
107.625		0.188363
107.75		0.188363
107.875		0.188363
108		0.188363
108.125		0.19116
108.25		0.19116
108.375		0.19116
108.5		0.19116
108.625		0.19116
108.75		0.19116
108.875		0.19116
109		0.19116
109.125		0.194259
109.25		0.194259
109.375		0.194259
109.5		0.194259
109.625		0.194259
109.75		0.194259
109.875		0.194259
110		0.194259
110.125		0.19471
110.25		0.19471
110.375		0.19471
110.5		0.19471
110.625		0.19471
110.75		0.19471
110.875		0.19471
111		0.19471
111.125		0.197987
111.25		0.197987
111.375		0.197987
111.5		0.197987
111.625		0.197987
111.75		0.197987
111.875		0.197987
112		0.197987
112.125		0.199362
112.25		0.199362
112.375		0.199362
112.5		0.199362
112.625		0.199362
112.75		0.199362
112.875		0.199362
113		0.199362
113.125		0.200205
113.25		0.200205
113.375		0.200205
113.5		0.200205
113.625		0.200205
113.75		0.200205
113.875		0.200205
114		0.200205
114.125		0.200683
114.25		0.200683
114.375		0.200683
114.5		0.200683
114.625		0.200683
114.75		0.200683
114.875		0.200683
115		0.200683
115.125		0.204037
115.25		0.204037
115.375		0.204037
115.5		0.204037
115.625		0.204037
115.75		0.204037
115.875		0.204037
116		0.204037
116.125		0.204263
116.25		0.204263
116.375		0.204263
116.5		0.204263
116.625		0.204263
116.75		0.204263
116.875		0.204263
117		0.204263
117.125		0.208184
117.25		0.208184
117.375		0.208184
117.5		0.208184
117.625		0.208184
117.75		0.208184
117.875		0.208184
118		0.208184
118.125		0.211242
118.25		0.211242
118.375		0.211242
118.5		0.211242
118.625		0.211242
118.75		0.211242
118.875		0.211242
119		0.211242
119.125		0.212542
119.25		0.212542
119.375		0.212542
119.5		0.212542
119.625		0.212542
119.75		0.212542
119.875		0.212542
120		0.212542
120.125		0.216146
120.25		0.216146
120.375		0.216146
120.5		0.216146
120.625		0.216146
120.75		0.216146
120.875		0.216146
121		0.216146
121.125		0.216488
121.25		0.216488
121.375		0.216488
121.5		0.216488
121.625		0.216488
121.75		0.216488
121.875		0.216488
122		0.216488
122.125		0.217625
122.25		0.217625
122.375		0.217625
122.5		0.217625
122.625		0.217625
122.75		0.217625
122.875		0.217625
123		0.217625
123.125		0.218542
123.25		0.218542
123.375		0.218542
123.5		0.218542
123.625		0.218542
123.75		0.218542
123.875		0.218542
124		0.218542
124.125		0.226038
124.25		0.226038
124.375		0.226038
124.5		0.226038
124.625		0.226038
124.75		0.226038
124.875		0.226038
125		0.226038
125.125		0.22659
125.25		0.22659
125.375		0.22659
125.5		0.22659
125.625		0.22659
125.75		0.22659
125.875		0.22659
126		0.22659
126.125		0.22716
126.25		0.22716
126.375		0.22716
126.5		0.22716
126.625		0.22716
126.75		0.22716
126.875		0.22716
127		0.22716
127.125		0.228029
127.25		0.228029
127.375		0.228029
127.5		0.228029
127.625		0.228029
127.75		0.228029
127.875		0.228029
128		0.228029
128.125		0.232058
128.25		0.232058
128.375		0.232058
128.5		0.232058
128.625		0.232058
128.75		0.232058
128.875		0.232058
129		0.232058
129.125		0.234216
129.25		0.234216
129.375		0.234216
129.5		0.234216
129.625		0.234216
129.75		0.234216
129.875		0.234216
130		0.234216
130.125		0.235012
130.25		0.235012
130.375		0.235012
130.5		0.235012
130.625		0.235012
130.75		0.235012
130.875		0.235012
131		0.235012
131.125		0.235409
131.25		0.235409
131.375		0.235409
131.5		0.235409
131.625		0.235409
131.75		0.235409
131.875		0.235409
132		0.235409
132.125		0.241833
132.25		0.241833
132.375		0.241833
132.5		0.241833
132.625		0.241833
132.75		0.241833
132.875		0.241833
133		0.241833
133.125		0.242617
133.25		0.242617
133.375		0.242617
133.5		0.242617
133.625		0.242617
133.75		0.242617
133.875		0.242617
134		0.242617
134.125		0.243009
134.25		0.243009
134.375		0.243009
134.5		0.243009
134.625		0.243009
134.75		0.243009
134.875		0.243009
135		0.243009
135.125		0.245954
135.25		0.245954
135.375		0.245954
135.5		0.245954
135.625		0.245954
135.75		0.245954
135.875		0.245954
136		0.245954
136.125		0.24769
136.25		0.24769
136.375		0.24769
136.5		0.24769
136.625		0.24769
136.75		0.24769
136.875		0.24769
137		0.24769
137.125		0.250707
137.25		0.250707
137.375		0.250707
137.5		0.250707
137.625		0.250707
137.75		0.250707
137.875		0.250707
138		0.250707
138.125		0.252544
138.25		0.252544
138.375		0.252544
138.5		0.252544
138.625		0.252544
138.75		0.252544
138.875		0.252544
139		0.252544
139.125		0.253429
139.25		0.253429
139.375		0.253429
139.5		0.253429
139.625		0.253429
139.75		0.253429
139.875		0.253429
140		0.253429
140.125		0.254385
140.25		0.254385
140.375		0.254385
140.5		0.254385
140.625		0.254385
140.75		0.254385
140.875		0.254385
141		0.254385
141.125		0.25865
141.25		0.25865
141.375		0.25865
141.5		0.25865
141.625		0.25865
141.75		0.25865
141.875		0.25865
142		0.25865
142.125		0.261601
142.25		0.261601
142.375		0.261601
142.5		0.261601
142.625		0.261601
142.75		0.261601
142.875		0.261601
143		0.261601
143.125		0.264309
143.25		0.264309
143.375		0.264309
143.5		0.264309
143.625		0.264309
143.75		0.264309
143.875		0.264309
144		0.264309
144.125		0.2647
144.25		0.2647
144.375		0.2647
144.5		0.2647
144.625		0.2647
144.75		0.2647
144.875		0.2647
145		0.2647
145.125		0.264929
145.25		0.264929
145.375		0.264929
145.5		0.264929
145.625		0.264929
145.75		0.264929
145.875		0.264929
146		0.264929
146.125		0.267538
146.25		0.267538
146.375		0.267538
146.5		0.267538
146.625		0.267538
146.75		0.267538
146.875		0.267538
147		0.267538
147.125		0.270896
147.25		0.270896
147.375		0.270896
147.5		0.270896
147.625		0.270896
147.75		0.270896
147.875		0.270896
148		0.270896
148.125		0.27322
148.25		0.27322
148.375		0.27322
148.5		0.27322
148.625		0.27322
148.75		0.27322
148.875		0.27322
149		0.27322
149.125		0.273772
149.25		0.273772
149.375		0.273772
149.5		0.273772
149.625		0.273772
149.75		0.273772
149.875		0.273772
150		0.273772
150.125		0.276391
150.25		0.276391
150.375		0.276391
150.5		0.276391
150.625		0.276391
150.75		0.276391
150.875		0.276391
151		0.276391
151.125		0.279184
151.25		0.279184
151.375		0.279184
151.5		0.279184
151.625		0.279184
151.75		0.279184
151.875		0.279184
152		0.279184
152.125		0.279496
152.25		0.279496
152.375		0.279496
152.5		0.279496
152.625		0.279496
152.75		0.279496
152.875		0.279496
153		0.279496
153.125		0.282266
153.25		0.282266
153.375		0.282266
153.5		0.282266
153.625		0.282266
153.75		0.282266
153.875		0.282266
154		0.282266
154.125		0.283649
154.25		0.283649
154.375		0.283649
154.5		0.283649
154.625		0.283649
154.75		0.283649
154.875		0.283649
155		0.283649
155.125		0.284955
155.25		0.284955
155.375		0.284955
155.5		0.284955
155.625		0.284955
155.75		0.284955
155.875		0.284955
156		0.284955
156.125		0.285988
156.25		0.285988
156.375		0.285988
156.5		0.285988
156.625		0.285988
156.75		0.285988
156.875		0.285988
157		0.285988
157.125		0.288143
157.25		0.288143
157.375		0.288143
157.5		0.288143
157.625		0.288143
157.75		0.288143
157.875		0.288143
158		0.288143
158.125		0.293537
158.25		0.293537
158.375		0.293537
158.5		0.293537
158.625		0.293537
158.75		0.293537
158.875		0.293537
159		0.293537
159.125		0.29438
159.25		0.29438
159.375		0.29438
159.5		0.29438
159.625		0.29438
159.75		0.29438
159.875		0.29438
160		0.29438
160.125		0.294567
160.25		0.294567
160.375		0.294567
160.5		0.294567
160.625		0.294567
160.75		0.294567
160.875		0.294567
161		0.294567
161.125		0.295704
161.25		0.295704
161.375		0.295704
161.5		0.295704
161.625		0.295704
161.75		0.295704
161.875		0.295704
162		0.295704
162.125		0.299403
162.25		0.299403
162.375		0.299403
162.5		0.299403
162.625		0.299403
162.75		0.299403
162.875		0.299403
163		0.299403
163.125		0.303447
163.25		0.303447
163.375		0.303447
163.5		0.303447
163.625		0.303447
163.75		0.303447
163.875		0.303447
164		0.303447
164.125		0.304444
164.25		0.304444
164.375		0.304444
164.5		0.304444
164.625		0.304444
164.75		0.304444
164.875		0.304444
165		0.304444
165.125		0.305056
165.25		0.305056
165.375		0.305056
165.5		0.305056
165.625		0.305056
165.75		0.305056
165.875		0.305056
166		0.305056
166.125		0.308167
166.25		0.308167
166.375		0.308167
166.5		0.308167
166.625		0.308167
166.75		0.308167
166.875		0.308167
167		0.308167
167.125		0.308481
167.25		0.308481
167.375		0.308481
167.5		0.308481
167.625		0.308481
167.75		0.308481
167.875		0.308481
168		0.308481
168.125		0.310286
168.25		0.310286
168.375		0.310286
168.5		0.310286
168.625		0.310286
168.75		0.310286
168.875		0.310286
169		0.310286
169.125		0.314813
169.25		0.314813
169.375		0.314813
169.5		0.314813
169.625		0.314813
169.75		0.314813
169.875		0.314813
170		0.314813
170.125		0.315309
170.25		0.315309
170.375		0.315309
170.5		0.315309
170.625		0.315309
170.75		0.315309
170.875		0.315309
171		0.315309
171.125		0.316977
171.25		0.316977
171.375		0.316977
171.5		0.316977
171.625		0.316977
171.75		0.316977
171.875		0.316977
172		0.316977
172.125		0.318399
172.25		0.318399
172.375		0.318399
172.5		0.318399
172.625		0.318399
172.75		0.318399
172.875		0.318399
173		0.318399
173.125		0.319207
173.25		0.319207
173.375		0.319207
173.5		0.319207
173.625		0.319207
173.75		0.319207
173.875		0.319207
174		0.319207
174.125		0.324304
174.25		0.324304
174.375		0.324304
174.5		0.324304
174.625		0.324304
174.75		0.324304
174.875		0.324304
175		0.324304
175.125		0.326848
175.25		0.326848
175.375		0.326848
175.5		0.326848
175.625		0.326848
175.75		0.326848
175.875		0.326848
176		0.326848
176.125		0.327056
176.25		0.327056
176.375		0.327056
176.5		0.327056
176.625		0.327056
176.75		0.327056
176.875		0.327056
177		0.327056
177.125		0.329042
177.25		0.329042
177.375		0.329042
177.5		0.329042
177.625		0.329042
177.75		0.329042
177.875		0.329042
178		0.329042
178.125		0.331126
178.25		0.331126
178.375		0.331126
178.5		0.331126
178.625		0.331126
178.75		0.331126
178.875		0.331126
179		0.331126
179.125		0.335175
179.25		0.335175
179.375		0.335175
179.5		0.335175
179.625		0.335175
179.75		0.335175
179.875		0.335175
180		0.335175
180.125		0.335567
180.25		0.335567
180.375		0.335567
180.5		0.335567
180.625		0.335567
180.75		0.335567
180.875		0.335567
181		0.335567
181.125		0.339907
181.25		0.339907
181.375		0.339907
181.5		0.339907
181.625		0.339907
181.75		0.339907
181.875		0.339907
182		0.339907
182.125		0.340414
182.25		0.340414
182.375		0.340414
182.5		0.340414
182.625		0.340414
182.75		0.340414
182.875		0.340414
183		0.340414
183.125		0.340818
183.25		0.340818
183.375		0.340818
183.5		0.340818
183.625		0.340818
183.75		0.340818
183.875		0.340818
184		0.340818
184.125		0.3459
184.25		0.3459
184.375		0.3459
184.5		0.3459
184.625		0.3459
184.75		0.3459
184.875		0.3459
185		0.3459
185.125		0.346384
185.25		0.346384
185.375		0.346384
185.5		0.346384
185.625		0.346384
185.75		0.346384
185.875		0.346384
186		0.346384
186.125		0.346622
186.25		0.346622
186.375		0.346622
186.5		0.346622
186.625		0.346622
186.75		0.346622
186.875		0.346622
187		0.346622
187.125		0.349715
187.25		0.349715
187.375		0.349715
187.5		0.349715
187.625		0.349715
187.75		0.349715
187.875		0.349715
188		0.349715
188.125		0.356109
188.25		0.356109
188.375		0.356109
188.5		0.356109
188.625		0.356109
188.75		0.356109
188.875		0.356109
189		0.356109
189.125		0.356522
189.25		0.356522
189.375		0.356522
189.5		0.356522
189.625		0.356522
189.75		0.356522
189.875		0.356522
190		0.356522
190.125		0.357478
190.25		0.357478
190.375		0.357478
190.5		0.357478
190.625		0.357478
190.75		0.357478
190.875		0.357478
191		0.357478
191.125		0.357591
191.25		0.357591
191.375		0.357591
191.5		0.357591
191.625		0.357591
191.75		0.357591
191.875		0.357591
192		0.357591
192.125		0.361524
192.25		0.361524
192.375		0.361524
192.5		0.361524
192.625		0.361524
192.75		0.361524
192.875		0.361524
193		0.361524
193.125		0.36527
193.25		0.36527
193.375		0.36527
193.5		0.36527
193.625		0.36527
193.75		0.36527
193.875		0.36527
194		0.36527
194.125		0.366271
194.25		0.366271
194.375		0.366271
194.5		0.366271
194.625		0.366271
194.75		0.366271
194.875		0.366271
195		0.366271
195.125		0.367446
195.25		0.367446
195.375		0.367446
195.5		0.367446
195.625		0.367446
195.75		0.367446
195.875		0.367446
196		0.367446
196.125		0.367734
196.25		0.367734
196.375		0.367734
196.5		0.367734
196.625		0.367734
196.75		0.367734
196.875		0.367734
197		0.367734
197.125		0.372253
197.25		0.372253
197.375		0.372253
197.5		0.372253
197.625		0.372253
197.75		0.372253
197.875		0.372253
198		0.372253
198.125		0.372538
198.25		0.372538
198.375		0.372538
198.5		0.372538
198.625		0.372538
198.75		0.372538
198.875		0.372538
199		0.372538
199.125		0.375984
199.25		0.375984
199.375		0.375984
199.5		0.375984
199.625		0.375984
199.75		0.375984
199.875		0.375984
200		0.375984
200.125		0.376961
200.25		0.376961
200.375		0.376961
200.5		0.376961
200.625		0.376961
200.75		0.376961
200.875		0.376961
201		0.376961
201.125		0.377139
201.25		0.377139
201.375		0.377139
201.5		0.377139
201.625		0.377139
201.75		0.377139
201.875		0.377139
202		0.377139
202.125		0.381057
202.25		0.381057
202.375		0.381057
202.5		0.381057
202.625		0.381057
202.75		0.381057
202.875		0.381057
203		0.381057
203.125		0.381268
203.25		0.381268
203.375		0.381268
203.5		0.381268
203.625		0.381268
203.75		0.381268
203.875		0.381268
204		0.381268
204.125		0.384884
204.25		0.384884
204.375		0.384884
204.5		0.384884
204.625		0.384884
204.75		0.384884
204.875		0.384884
205		0.384884
205.125		0.386315
205.25		0.386315
205.375		0.386315
205.5		0.386315
205.625		0.386315
205.75		0.386315
205.875		0.386315
206		0.386315
206.125		0.388369
206.25		0.388369
206.375		0.388369
206.5		0.388369
206.625		0.388369
206.75		0.388369
206.875		0.388369
207		0.388369
207.125		0.390216
207.25		0.390216
207.375		0.390216
207.5		0.390216
207.625		0.390216
207.75		0.390216
207.875		0.390216
208		0.390216
208.125		0.390762
208.25		0.390762
208.375		0.390762
208.5		0.390762
208.625		0.390762
208.75		0.390762
208.875		0.390762
209		0.390762
209.125		0.39433
209.25		0.39433
209.375		0.39433
209.5		0.39433
209.625		0.39433
209.75		0.39433
209.875		0.39433
210		0.39433
210.125		0.396171
210.25		0.396171
210.375		0.396171
210.5		0.396171
210.625		0.396171
210.75		0.396171
210.875		0.396171
211		0.396171
211.125		0.396657
211.25		0.396657
211.375		0.396657
211.5		0.396657
211.625		0.396657
211.75		0.396657
211.875		0.396657
212		0.396657
212.125		0.399213
212.25		0.399213
212.375		0.399213
212.5		0.399213
212.625		0.399213
212.75		0.399213
212.875		0.399213
213		0.399213
213.125		0.399478
213.25		0.399478
213.375		0.399478
213.5		0.399478
213.625		0.399478
213.75		0.399478
213.875		0.399478
214		0.399478
214.125		0.405323
214.25		0.405323
214.375		0.405323
214.5		0.405323
214.625		0.405323
214.75		0.405323
214.875		0.405323
215		0.405323
215.125		0.406368
215.25		0.406368
215.375		0.406368
215.5		0.406368
215.625		0.406368
215.75		0.406368
215.875		0.406368
216		0.406368
216.125		0.406727
216.25		0.406727
216.375		0.406727
216.5		0.406727
216.625		0.406727
216.75		0.406727
216.875		0.406727
217		0.406727
217.125		0.409841
217.25		0.409841
217.375		0.409841
217.5		0.409841
217.625		0.409841
217.75		0.409841
217.875		0.409841
218		0.409841
218.125		0.41172
218.25		0.41172
218.375		0.41172
218.5		0.41172
218.625		0.41172
218.75		0.41172
218.875		0.41172
219		0.41172
219.125		0.414261
219.25		0.414261
219.375		0.414261
219.5		0.414261
219.625		0.414261
219.75		0.414261
219.875		0.414261
220		0.414261
220.125		0.416244
220.25		0.416244
220.375		0.416244
220.5		0.416244
220.625		0.416244
220.75		0.416244
220.875		0.416244
221		0.416244
221.125		0.416529
221.25		0.416529
221.375		0.416529
221.5		0.416529
221.625		0.416529
221.75		0.416529
221.875		0.416529
222		0.416529
222.125		0.419993
222.25		0.419993
222.375		0.419993
222.5		0.419993
222.625		0.419993
222.75		0.419993
222.875		0.419993
223		0.419993
223.125		0.421374
223.25		0.421374
223.375		0.421374
223.5		0.421374
223.625		0.421374
223.75		0.421374
223.875		0.421374
224		0.421374
224.125		0.421976
224.25		0.421976
224.375		0.421976
224.5		0.421976
224.625		0.421976
224.75		0.421976
224.875		0.421976
225		0.421976
225.125		0.425634
225.25		0.425634
225.375		0.425634
225.5		0.425634
225.625		0.425634
225.75		0.425634
225.875		0.425634
226		0.425634
226.125		0.428543
226.25		0.428543
226.375		0.428543
226.5		0.428543
226.625		0.428543
226.75		0.428543
226.875		0.428543
227		0.428543
227.125		0.430422
227.25		0.430422
227.375		0.430422
227.5		0.430422
227.625		0.430422
227.75		0.430422
227.875		0.430422
228		0.430422
228.125		0.432399
228.25		0.432399
228.375		0.432399
228.5		0.432399
228.625		0.432399
228.75		0.432399
228.875		0.432399
229		0.432399
229.125		0.433287
229.25		0.433287
229.375		0.433287
229.5		0.433287
229.625		0.433287
229.75		0.433287
229.875		0.433287
230		0.433287
230.125		0.436015
230.25		0.436015
230.375		0.436015
230.5		0.436015
230.625		0.436015
230.75		0.436015
230.875		0.436015
231		0.436015
231.125		0.438191
231.25		0.438191
231.375		0.438191
231.5		0.438191
231.625		0.438191
231.75		0.438191
231.875		0.438191
232		0.438191
232.125		0.439174
232.25		0.439174
232.375		0.439174
232.5		0.439174
232.625		0.439174
232.75		0.439174
232.875		0.439174
233		0.439174
233.125		0.442647
233.25		0.442647
233.375		0.442647
233.5		0.442647
233.625		0.442647
233.75		0.442647
233.875		0.442647
234		0.442647
234.125		0.443285
234.25		0.443285
234.375		0.443285
234.5		0.443285
234.625		0.443285
234.75		0.443285
234.875		0.443285
235		0.443285
235.125		0.445841
235.25		0.445841
235.375		0.445841
235.5		0.445841
235.625		0.445841
235.75		0.445841
235.875		0.445841
236		0.445841
236.125		0.447218
236.25		0.447218
236.375		0.447218
236.5		0.447218
236.625		0.447218
236.75		0.447218
236.875		0.447218
237		0.447218
237.125		0.450252
237.25		0.450252
237.375		0.450252
237.5		0.450252
237.625		0.450252
237.75		0.450252
237.875		0.450252
238		0.450252
238.125		0.451915
238.25		0.451915
238.375		0.451915
238.5		0.451915
238.625		0.451915
238.75		0.451915
238.875		0.451915
239		0.451915
239.125		0.453363
239.25		0.453363
239.375		0.453363
239.5		0.453363
239.625		0.453363
239.75		0.453363
239.875		0.453363
240		0.453363
240.125		0.459081
240.25		0.459081
240.375		0.459081
240.5		0.459081
240.625		0.459081
240.75		0.459081
240.875		0.459081
241		0.459081
241.125		0.459223
241.25		0.459223
241.375		0.459223
241.5		0.459223
241.625		0.459223
241.75		0.459223
241.875		0.459223
242		0.459223
242.125		0.459396
242.25		0.459396
242.375		0.459396
242.5		0.459396
242.625		0.459396
242.75		0.459396
242.875		0.459396
243		0.459396
243.125		0.462483
243.25		0.462483
243.375		0.462483
243.5		0.462483
243.625		0.462483
243.75		0.462483
243.875		0.462483
244		0.462483
244.125		0.462881
244.25		0.462881
244.375		0.462881
244.5		0.462881
244.625		0.462881
244.75		0.462881
244.875		0.462881
245		0.462881
245.125		0.467155
245.25		0.467155
245.375		0.467155
245.5		0.467155
245.625		0.467155
245.75		0.467155
245.875		0.467155
246		0.467155
246.125		0.469429
246.25		0.469429
246.375		0.469429
246.5		0.469429
246.625		0.469429
246.75		0.469429
246.875		0.469429
247		0.469429
247.125		0.470831
247.25		0.470831
247.375		0.470831
247.5		0.470831
247.625		0.470831
247.75		0.470831
247.875		0.470831
248		0.470831
248.125		0.473639
248.25		0.473639
248.375		0.473639
248.5		0.473639
248.625		0.473639
248.75		0.473639
248.875		0.473639
249		0.473639
249.125		0.474259
249.25		0.474259
249.375		0.474259
249.5		0.474259
249.625		0.474259
249.75		0.474259
249.875		0.474259
250		0.474259
250.125		0.474719
250.25		0.474719
250.375		0.474719
250.5		0.474719
250.625		0.474719
250.75		0.474719
250.875		0.474719
251		0.474719
251.125		0.478184
251.25		0.478184
251.375		0.478184
251.5		0.478184
251.625		0.478184
251.75		0.478184
251.875		0.478184
252		0.478184
252.125		0.47889
252.25		0.47889
252.375		0.47889
252.5		0.47889
252.625		0.47889
252.75		0.47889
252.875		0.47889
253		0.47889
253.125		0.482963
253.25		0.482963
253.375		0.482963
253.5		0.482963
253.625		0.482963
253.75		0.482963
253.875		0.482963
254		0.482963
254.125		0.484673
254.25		0.484673
254.375		0.484673
254.5		0.484673
254.625		0.484673
254.75		0.484673
254.875		0.484673
255		0.484673
255.125		0.485855
255.25		0.485855
255.375		0.485855
255.5		0.485855
255.625		0.485855
255.75		0.485855
255.875		0.485855
256		0.485855
256.125		0.487817
256.25		0.487817
256.375		0.487817
256.5		0.487817
256.625		0.487817
256.75		0.487817
256.875		0.487817
257		0.487817
257.125		0.489545
257.25		0.489545
257.375		0.489545
257.5		0.489545
257.625		0.489545
257.75		0.489545
257.875		0.489545
258		0.489545
258.125		0.490322
258.25		0.490322
258.375		0.490322
258.5		0.490322
258.625		0.490322
258.75		0.490322
258.875		0.490322
259		0.490322
259.125		0.495129
259.25		0.495129
259.375		0.495129
259.5		0.495129
259.625		0.495129
259.75		0.495129
259.875		0.495129
260		0.495129
260.125		0.496019
260.25		0.496019
260.375		0.496019
260.5		0.496019
260.625		0.496019
260.75		0.496019
260.875		0.496019
261		0.496019
261.125		0.498471
261.25		0.498471
261.375		0.498471
261.5		0.498471
261.625		0.498471
261.75		0.498471
261.875		0.498471
262		0.498471
262.125		0.500407
262.25		0.500407
262.375		0.500407
262.5		0.500407
262.625		0.500407
262.75		0.500407
262.875		0.500407
263		0.500407
263.125		0.501366
263.25		0.501366
263.375		0.501366
263.5		0.501366
263.625		0.501366
263.75		0.501366
263.875		0.501366
264		0.501366
264.125		0.502779
264.25		0.502779
264.375		0.502779
264.5		0.502779
264.625		0.502779
264.75		0.502779
264.875		0.502779
265		0.502779
265.125		0.50559
265.25		0.50559
265.375		0.50559
265.5		0.50559
265.625		0.50559
265.75		0.50559
265.875		0.50559
266		0.50559
266.125		0.509191
266.25		0.509191
266.375		0.509191
266.5		0.509191
266.625		0.509191
266.75		0.509191
266.875		0.509191
267		0.509191
267.125		0.511379
267.25		0.511379
267.375		0.511379
267.5		0.511379
267.625		0.511379
267.75		0.511379
267.875		0.511379
268		0.511379
268.125		0.512349
268.25		0.512349
268.375		0.512349
268.5		0.512349
268.625		0.512349
268.75		0.512349
268.875		0.512349
269		0.512349
269.125		0.513062
269.25		0.513062
269.375		0.513062
269.5		0.513062
269.625		0.513062
269.75		0.513062
269.875		0.513062
270		0.513062
270.125		0.51587
270.25		0.51587
270.375		0.51587
270.5		0.51587
270.625		0.51587
270.75		0.51587
270.875		0.51587
271		0.51587
271.125		0.519082
271.25		0.519082
271.375		0.519082
271.5		0.519082
271.625		0.519082
271.75		0.519082
271.875		0.519082
272		0.519082
272.125		0.520501
272.25		0.520501
272.375		0.520501
272.5		0.520501
272.625		0.520501
272.75		0.520501
272.875		0.520501
273		0.520501
273.125		0.52187
273.25		0.52187
273.375		0.52187
273.5		0.52187
273.625		0.52187
273.75		0.52187
273.875		0.52187
274		0.52187
274.125		0.525257
274.25		0.525257
274.375		0.525257
274.5		0.525257
274.625		0.525257
274.75		0.525257
274.875		0.525257
275		0.525257
275.125		0.526239
275.25		0.526239
275.375		0.526239
275.5		0.526239
275.625		0.526239
275.75		0.526239
275.875		0.526239
276		0.526239
276.125		0.527362
276.25		0.527362
276.375		0.527362
276.5		0.527362
276.625		0.527362
276.75		0.527362
276.875		0.527362
277		0.527362
277.125		0.529321
277.25		0.529321
277.375		0.529321
277.5		0.529321
277.625		0.529321
277.75		0.529321
277.875		0.529321
278		0.529321
278.125		0.533554
278.25		0.533554
278.375		0.533554
278.5		0.533554
278.625		0.533554
278.75		0.533554
278.875		0.533554
279		0.533554
279.125		0.535801
279.25		0.535801
279.375		0.535801
279.5		0.535801
279.625		0.535801
279.75		0.535801
279.875		0.535801
280		0.535801
280.125		0.536478
280.25		0.536478
280.375		0.536478
280.5		0.536478
280.625		0.536478
280.75		0.536478
280.875		0.536478
281		0.536478
281.125		0.536638
281.25		0.536638
281.375		0.536638
281.5		0.536638
281.625		0.536638
281.75		0.536638
281.875		0.536638
282		0.536638
282.125		0.54387
282.25		0.54387
282.375		0.54387
282.5		0.54387
282.625		0.54387
282.75		0.54387
282.875		0.54387
283		0.54387
283.125		0.545126
283.25		0.545126
283.375		0.545126
283.5		0.545126
283.625		0.545126
283.75		0.545126
283.875		0.545126
284		0.545126
284.125		0.547453
284.25		0.547453
284.375		0.547453
284.5		0.547453
284.625		0.547453
284.75		0.547453
284.875		0.547453
285		0.547453
285.125		0.551336
285.25		0.551336
285.375		0.551336
285.5		0.551336
285.625		0.551336
285.75		0.551336
285.875		0.551336
286		0.551336
286.125		0.551556
286.25		0.551556
286.375		0.551556
286.5		0.551556
286.625		0.551556
286.75		0.551556
286.875		0.551556
287		0.551556
287.125		0.554251
287.25		0.554251
287.375		0.554251
287.5		0.554251
287.625		0.554251
287.75		0.554251
287.875		0.554251
288		0.554251
288.125		0.55456
288.25		0.55456
288.375		0.55456
288.5		0.55456
288.625		0.55456
288.75		0.55456
288.875		0.55456
289		0.55456
289.125		0.560883
289.25		0.560883
289.375		0.560883
289.5		0.560883
289.625		0.560883
289.75		0.560883
289.875		0.560883
290		0.560883
290.125		0.56177
290.25		0.56177
290.375		0.56177
290.5		0.56177
290.625		0.56177
290.75		0.56177
290.875		0.56177
291		0.56177
291.125		0.561969
291.25		0.561969
291.375		0.561969
291.5		0.561969
291.625		0.561969
291.75		0.561969
291.875		0.561969
292		0.561969
292.125		0.562563
292.25		0.562563
292.375		0.562563
292.5		0.562563
292.625		0.562563
292.75		0.562563
292.875		0.562563
293		0.562563
293.125		0.562955
293.25		0.562955
293.375		0.562955
293.5		0.562955
293.625		0.562955
293.75		0.562955
293.875		0.562955
294		0.562955
294.125		0.569391
294.25		0.569391
294.375		0.569391
294.5		0.569391
294.625		0.569391
294.75		0.569391
294.875		0.569391
295		0.569391
295.125		0.571219
295.25		0.571219
295.375		0.571219
295.5		0.571219
295.625		0.571219
295.75		0.571219
295.875		0.571219
296		0.571219
296.125		0.574028
296.25		0.574028
296.375		0.574028
296.5		0.574028
296.625		0.574028
296.75		0.574028
296.875		0.574028
297		0.574028
297.125		0.577115
297.25		0.577115
297.375		0.577115
297.5		0.577115
297.625		0.577115
297.75		0.577115
297.875		0.577115
298		0.577115
298.125		0.580167
298.25		0.580167
298.375		0.580167
298.5		0.580167
298.625		0.580167
298.75		0.580167
298.875		0.580167
299		0.580167
299.125		0.583976
299.25		0.583976
299.375		0.583976
299.5		0.583976
299.625		0.583976
299.75		0.583976
299.875		0.583976
300		0.583976
300.125		0.588713
300.25		0.588713
300.375		0.588713
300.5		0.588713
300.625		0.588713
300.75		0.588713
300.875		0.588713
301		0.588713
301.125		0.589319
301.25		0.589319
301.375		0.589319
301.5		0.589319
301.625		0.589319
301.75		0.589319
301.875		0.589319
302		0.589319
302.125		0.591133
302.25		0.591133
302.375		0.591133
302.5		0.591133
302.625		0.591133
302.75		0.591133
302.875		0.591133
303		0.591133
303.125		0.591836
303.25		0.591836
303.375		0.591836
303.5		0.591836
303.625		0.591836
303.75		0.591836
303.875		0.591836
304		0.591836
304.125		0.594719
304.25		0.594719
304.375		0.594719
304.5		0.594719
304.625		0.594719
304.75		0.594719
304.875		0.594719
305		0.594719
305.125		0.596684
305.25		0.596684
305.375		0.596684
305.5		0.596684
305.625		0.596684
305.75		0.596684
305.875		0.596684
306		0.596684
306.125		0.597269
306.25		0.597269
306.375		0.597269
306.5		0.597269
306.625		0.597269
306.75		0.597269
306.875		0.597269
307		0.597269
307.125		0.601119
307.25		0.601119
307.375		0.601119
307.5		0.601119
307.625		0.601119
307.75		0.601119
307.875		0.601119
308		0.601119
308.125		0.603191
308.25		0.603191
308.375		0.603191
308.5		0.603191
308.625		0.603191
308.75		0.603191
308.875		0.603191
309		0.603191
309.125		0.60472
309.25		0.60472
309.375		0.60472
309.5		0.60472
309.625		0.60472
309.75		0.60472
309.875		0.60472
310		0.60472
310.125		0.607196
310.25		0.607196
310.375		0.607196
310.5		0.607196
310.625		0.607196
310.75		0.607196
310.875		0.607196
311		0.607196
311.125		0.607801
311.25		0.607801
311.375		0.607801
311.5		0.607801
311.625		0.607801
311.75		0.607801
311.875		0.607801
312		0.607801
312.125		0.612958
312.25		0.612958
312.375		0.612958
312.5		0.612958
312.625		0.612958
312.75		0.612958
312.875		0.612958
313		0.612958
313.125		0.614264
313.25		0.614264
313.375		0.614264
313.5		0.614264
313.625		0.614264
313.75		0.614264
313.875		0.614264
314		0.614264
314.125		0.614603
314.25		0.614603
314.375		0.614603
314.5		0.614603
314.625		0.614603
314.75		0.614603
314.875		0.614603
315		0.614603
315.125		0.618195
315.25		0.618195
315.375		0.618195
315.5		0.618195
315.625		0.618195
315.75		0.618195
315.875		0.618195
316		0.618195
316.125		0.620593
316.25		0.620593
316.375		0.620593
316.5		0.620593
316.625		0.620593
316.75		0.620593
316.875		0.620593
317		0.620593
317.125		0.621549
317.25		0.621549
317.375		0.621549
317.5		0.621549
317.625		0.621549
317.75		0.621549
317.875		0.621549
318		0.621549
318.125		0.624197
318.25		0.624197
318.375		0.624197
318.5		0.624197
318.625		0.624197
318.75		0.624197
318.875		0.624197
319		0.624197
319.125		0.625378
319.25		0.625378
319.375		0.625378
319.5		0.625378
319.625		0.625378
319.75		0.625378
319.875		0.625378
320		0.625378
320.125		0.630728
320.25		0.630728
320.375		0.630728
320.5		0.630728
320.625		0.630728
320.75		0.630728
320.875		0.630728
321		0.630728
321.125		0.631001
321.25		0.631001
321.375		0.631001
321.5		0.631001
321.625		0.631001
321.75		0.631001
321.875		0.631001
322		0.631001
322.125		0.631672
322.25		0.631672
322.375		0.631672
322.5		0.631672
322.625		0.631672
322.75		0.631672
322.875		0.631672
323		0.631672
323.125		0.634516
323.25		0.634516
323.375		0.634516
323.5		0.634516
323.625		0.634516
323.75		0.634516
323.875		0.634516
324		0.634516
324.125		0.636214
324.25		0.636214
324.375		0.636214
324.5		0.636214
324.625		0.636214
324.75		0.636214
324.875		0.636214
325		0.636214
325.125		0.639687
325.25		0.639687
325.375		0.639687
325.5		0.639687
325.625		0.639687
325.75		0.639687
325.875		0.639687
326		0.639687
326.125		0.641709
326.25		0.641709
326.375		0.641709
326.5		0.641709
326.625		0.641709
326.75		0.641709
326.875		0.641709
327		0.641709
327.125		0.641997
327.25		0.641997
327.375		0.641997
327.5		0.641997
327.625		0.641997
327.75		0.641997
327.875		0.641997
328		0.641997
328.125		0.645408
328.25		0.645408
328.375		0.645408
328.5		0.645408
328.625		0.645408
328.75		0.645408
328.875		0.645408
329		0.645408
329.125		0.646266
329.25		0.646266
329.375		0.646266
329.5		0.646266
329.625		0.646266
329.75		0.646266
329.875		0.646266
330		0.646266
330.125		0.647278
330.25		0.647278
330.375		0.647278
330.5		0.647278
330.625		0.647278
330.75		0.647278
330.875		0.647278
331		0.647278
331.125		0.652642
331.25		0.652642
331.375		0.652642
331.5		0.652642
331.625		0.652642
331.75		0.652642
331.875		0.652642
332		0.652642
332.125		0.652945
332.25		0.652945
332.375		0.652945
332.5		0.652945
332.625		0.652945
332.75		0.652945
332.875		0.652945
333		0.652945
333.125		0.655465
333.25		0.655465
333.375		0.655465
333.5		0.655465
333.625		0.655465
333.75		0.655465
333.875		0.655465
334		0.655465
334.125		0.65659
334.25		0.65659
334.375		0.65659
334.5		0.65659
334.625		0.65659
334.75		0.65659
334.875		0.65659
335		0.65659
335.125		0.658802
335.25		0.658802
335.375		0.658802
335.5		0.658802
335.625		0.658802
335.75		0.658802
335.875		0.658802
336		0.658802
336.125		0.661794
336.25		0.661794
336.375		0.661794
336.5		0.661794
336.625		0.661794
336.75		0.661794
336.875		0.661794
337		0.661794
337.125		0.664795
337.25		0.664795
337.375		0.664795
337.5		0.664795
337.625		0.664795
337.75		0.664795
337.875		0.664795
338		0.664795
338.125		0.668717
338.25		0.668717
338.375		0.668717
338.5		0.668717
338.625		0.668717
338.75		0.668717
338.875		0.668717
339		0.668717
339.125		0.668972
339.25		0.668972
339.375		0.668972
339.5		0.668972
339.625		0.668972
339.75		0.668972
339.875		0.668972
340		0.668972
340.125		0.670296
340.25		0.670296
340.375		0.670296
340.5		0.670296
340.625		0.670296
340.75		0.670296
340.875		0.670296
341		0.670296
341.125		0.676512
341.25		0.676512
341.375		0.676512
341.5		0.676512
341.625		0.676512
341.75		0.676512
341.875		0.676512
342		0.676512
342.125		0.678665
342.25		0.678665
342.375		0.678665
342.5		0.678665
342.625		0.678665
342.75		0.678665
342.875		0.678665
343		0.678665
343.125		0.679413
343.25		0.679413
343.375		0.679413
343.5		0.679413
343.625		0.679413
343.75		0.679413
343.875		0.679413
344		0.679413
344.125		0.680713
344.25		0.680713
344.375		0.680713
344.5		0.680713
344.625		0.680713
344.75		0.680713
344.875		0.680713
345		0.680713
345.125		0.683391
345.25		0.683391
345.375		0.683391
345.5		0.683391
345.625		0.683391
345.75		0.683391
345.875		0.683391
346		0.683391
346.125		0.686024
346.25		0.686024
346.375		0.686024
346.5		0.686024
346.625		0.686024
346.75		0.686024
346.875		0.686024
347		0.686024
347.125		0.689209
347.25		0.689209
347.375		0.689209
347.5		0.689209
347.625		0.689209
347.75		0.689209
347.875		0.689209
348		0.689209
348.125		0.690037
348.25		0.690037
348.375		0.690037
348.5		0.690037
348.625		0.690037
348.75		0.690037
348.875		0.690037
349		0.690037
349.125		0.690952
349.25		0.690952
349.375		0.690952
349.5		0.690952
349.625		0.690952
349.75		0.690952
349.875		0.690952
350		0.690952
350.125		0.691165
350.25		0.691165
350.375		0.691165
350.5		0.691165
350.625		0.691165
350.75		0.691165
350.875		0.691165
351		0.691165
351.125		0.692522
351.25		0.692522
351.375		0.692522
351.5		0.692522
351.625		0.692522
351.75		0.692522
351.875		0.692522
352		0.692522
352.125		0.698676
352.25		0.698676
352.375		0.698676
352.5		0.698676
352.625		0.698676
352.75		0.698676
352.875		0.698676
353		0.698676
353.125		0.700457
353.25		0.700457
353.375		0.700457
353.5		0.700457
353.625		0.700457
353.75		0.700457
353.875		0.700457
354		0.700457
354.125		0.701167
354.25		0.701167
354.375		0.701167
354.5		0.701167
354.625		0.701167
354.75		0.701167
354.875		0.701167
355		0.701167
355.125		0.7057
355.25		0.7057
355.375		0.7057
355.5		0.7057
355.625		0.7057
355.75		0.7057
355.875		0.7057
356		0.7057
356.125		0.709752
356.25		0.709752
356.375		0.709752
356.5		0.709752
356.625		0.709752
356.75		0.709752
356.875		0.709752
357		0.709752
357.125		0.712738
357.25		0.712738
357.375		0.712738
357.5		0.712738
357.625		0.712738
357.75		0.712738
357.875		0.712738
358		0.712738
358.125		0.713086
358.25		0.713086
358.375		0.713086
358.5		0.713086
358.625		0.713086
358.75		0.713086
358.875		0.713086
359		0.713086
359.125		0.714674
359.25		0.714674
359.375		0.714674
359.5		0.714674
359.625		0.714674
359.75		0.714674
359.875		0.714674
360		0.714674
360.125		0.720032
360.25		0.720032
360.375		0.720032
360.5		0.720032
360.625		0.720032
360.75		0.720032
360.875		0.720032
361		0.720032
361.125		0.720611
361.25		0.720611
361.375		0.720611
361.5		0.720611
361.625		0.720611
361.75		0.720611
361.875		0.720611
362		0.720611
362.125		0.722353
362.25		0.722353
362.375		0.722353
362.5		0.722353
362.625		0.722353
362.75		0.722353
362.875		0.722353
363		0.722353
363.125		0.723298
363.25		0.723298
363.375		0.723298
363.5		0.723298
363.625		0.723298
363.75		0.723298
363.875		0.723298
364		0.723298
364.125		0.72482
364.25		0.72482
364.375		0.72482
364.5		0.72482
364.625		0.72482
364.75		0.72482
364.875		0.72482
365		0.72482
365.125		0.728243
365.25		0.728243
365.375		0.728243
365.5		0.728243
365.625		0.728243
365.75		0.728243
365.875		0.728243
366		0.728243
366.125		0.730585
366.25		0.730585
366.375		0.730585
366.5		0.730585
366.625		0.730585
366.75		0.730585
366.875		0.730585
367		0.730585
367.125		0.730867
367.25		0.730867
367.375		0.730867
367.5		0.730867
367.625		0.730867
367.75		0.730867
367.875		0.730867
368		0.730867
368.125		0.735009
368.25		0.735009
368.375		0.735009
368.5		0.735009
368.625		0.735009
368.75		0.735009
368.875		0.735009
369		0.735009
369.125		0.735475
369.25		0.735475
369.375		0.735475
369.5		0.735475
369.625		0.735475
369.75		0.735475
369.875		0.735475
370		0.735475
370.125		0.739773
370.25		0.739773
370.375		0.739773
370.5		0.739773
370.625		0.739773
370.75		0.739773
370.875		0.739773
371		0.739773
371.125		0.74018
371.25		0.74018
371.375		0.74018
371.5		0.74018
371.625		0.74018
371.75		0.74018
371.875		0.74018
372		0.74018
372.125		0.740958
372.25		0.740958
372.375		0.740958
372.5		0.740958
372.625		0.740958
372.75		0.740958
372.875		0.740958
373		0.740958
373.125		0.744084
373.25		0.744084
373.375		0.744084
373.5		0.744084
373.625		0.744084
373.75		0.744084
373.875		0.744084
374		0.744084
374.125		0.747207
374.25		0.747207
374.375		0.747207
374.5		0.747207
374.625		0.747207
374.75		0.747207
374.875		0.747207
375		0.747207
375.125		0.749365
375.25		0.749365
375.375		0.749365
375.5		0.749365
375.625		0.749365
375.75		0.749365
375.875		0.749365
376		0.749365
376.125		0.751303
376.25		0.751303
376.375		0.751303
376.5		0.751303
376.625		0.751303
376.75		0.751303
376.875		0.751303
377		0.751303
377.125		0.752235
377.25		0.752235
377.375		0.752235
377.5		0.752235
377.625		0.752235
377.75		0.752235
377.875		0.752235
378		0.752235
378.125		0.755079
378.25		0.755079
378.375		0.755079
378.5		0.755079
378.625		0.755079
378.75		0.755079
378.875		0.755079
379		0.755079
379.125		0.756593
379.25		0.756593
379.375		0.756593
379.5		0.756593
379.625		0.756593
379.75		0.756593
379.875		0.756593
380		0.756593
380.125		0.758517
380.25		0.758517
380.375		0.758517
380.5		0.758517
380.625		0.758517
380.75		0.758517
380.875		0.758517
381		0.758517
381.125		0.759194
381.25		0.759194
381.375		0.759194
381.5		0.759194
381.625		0.759194
381.75		0.759194
381.875		0.759194
382		0.759194
382.125		0.763543
382.25		0.763543
382.375		0.763543
382.5		0.763543
382.625		0.763543
382.75		0.763543
382.875		0.763543
383		0.763543
383.125		0.764047
383.25		0.764047
383.375		0.764047
383.5		0.764047
383.625		0.764047
383.75		0.764047
383.875		0.764047
384		0.764047
384.125		0.766856
384.25		0.766856
384.375		0.766856
384.5		0.766856
384.625		0.766856
384.75		0.766856
384.875		0.766856
385		0.766856
385.125		0.769198
385.25		0.769198
385.375		0.769198
385.5		0.769198
385.625		0.769198
385.75		0.769198
385.875		0.769198
386		0.769198
386.125		0.76945
386.25		0.76945
386.375		0.76945
386.5		0.76945
386.625		0.76945
386.75		0.76945
386.875		0.76945
387		0.76945
387.125		0.77059
387.25		0.77059
387.375		0.77059
387.5		0.77059
387.625		0.77059
387.75		0.77059
387.875		0.77059
388		0.77059
388.125		0.772267
388.25		0.772267
388.375		0.772267
388.5		0.772267
388.625		0.772267
388.75		0.772267
388.875		0.772267
389		0.772267
389.125		0.77599
389.25		0.77599
389.375		0.77599
389.5		0.77599
389.625		0.77599
389.75		0.77599
389.875		0.77599
390		0.77599
390.125		0.777433
390.25		0.777433
390.375		0.777433
390.5		0.777433
390.625		0.777433
390.75		0.777433
390.875		0.777433
391		0.777433
391.125		0.780704
391.25		0.780704
391.375		0.780704
391.5		0.780704
391.625		0.780704
391.75		0.780704
391.875		0.780704
392		0.780704
392.125		0.781627
392.25		0.781627
392.375		0.781627
392.5		0.781627
392.625		0.781627
392.75		0.781627
392.875		0.781627
393		0.781627
393.125		0.781954
393.25		0.781954
393.375		0.781954
393.5		0.781954
393.625		0.781954
393.75		0.781954
393.875		0.781954
394		0.781954
394.125		0.786597
394.25		0.786597
394.375		0.786597
394.5		0.786597
394.625		0.786597
394.75		0.786597
394.875		0.786597
395		0.786597
395.125		0.790106
395.25		0.790106
395.375		0.790106
395.5		0.790106
395.625		0.790106
395.75		0.790106
395.875		0.790106
396		0.790106
396.125		0.792074
396.25		0.792074
396.375		0.792074
396.5		0.792074
396.625		0.792074
396.75		0.792074
396.875		0.792074
397		0.792074
397.125		0.79235
397.25		0.79235
397.375		0.79235
397.5		0.79235
397.625		0.79235
397.75		0.79235
397.875		0.79235
398		0.79235
398.125		0.792769
398.25		0.792769
398.375		0.792769
398.5		0.792769
398.625		0.792769
398.75		0.792769
398.875		0.792769
399		0.792769
399.125		0.796966
399.25		0.796966
399.375		0.796966
399.5		0.796966
399.625		0.796966
399.75		0.796966
399.875		0.796966
400		0.796966
400.125		0.799843
400.25		0.799843
400.375		0.799843
400.5		0.799843
400.625		0.799843
400.75		0.799843
400.875		0.799843
401		0.799843
401.125		0.801888
401.25		0.801888
401.375		0.801888
401.5		0.801888
401.625		0.801888
401.75		0.801888
401.875		0.801888
402		0.801888
402.125		0.802972
402.25		0.802972
402.375		0.802972
402.5		0.802972
402.625		0.802972
402.75		0.802972
402.875		0.802972
403		0.802972
403.125		0.804497
403.25		0.804497
403.375		0.804497
403.5		0.804497
403.625		0.804497
403.75		0.804497
403.875		0.804497
404		0.804497
404.125		0.807899
404.25		0.807899
404.375		0.807899
404.5		0.807899
404.625		0.807899
404.75		0.807899
404.875		0.807899
405		0.807899
405.125		0.808829
405.25		0.808829
405.375		0.808829
405.5		0.808829
405.625		0.808829
405.75		0.808829
405.875		0.808829
406		0.808829
406.125		0.810164
406.25		0.810164
406.375		0.810164
406.5		0.810164
406.625		0.810164
406.75		0.810164
406.875		0.810164
407		0.810164
407.125		0.810467
407.25		0.810467
407.375		0.810467
407.5		0.810467
407.625		0.810467
407.75		0.810467
407.875		0.810467
408		0.810467
408.125		0.816416
408.25		0.816416
408.375		0.816416
408.5		0.816416
408.625		0.816416
408.75		0.816416
408.875		0.816416
409		0.816416
409.125		0.817289
409.25		0.817289
409.375		0.817289
409.5		0.817289
409.625		0.817289
409.75		0.817289
409.875		0.817289
410		0.817289
410.125		0.820418
410.25		0.820418
410.375		0.820418
410.5		0.820418
410.625		0.820418
410.75		0.820418
410.875		0.820418
411		0.820418
411.125		0.821035
411.25		0.821035
411.375		0.821035
411.5		0.821035
411.625		0.821035
411.75		0.821035
411.875		0.821035
412		0.821035
412.125		0.825073
412.25		0.825073
412.375		0.825073
412.5		0.825073
412.625		0.825073
412.75		0.825073
412.875		0.825073
413		0.825073
413.125		0.826171
413.25		0.826171
413.375		0.826171
413.5		0.826171
413.625		0.826171
413.75		0.826171
413.875		0.826171
414		0.826171
414.125		0.826631
414.25		0.826631
414.375		0.826631
414.5		0.826631
414.625		0.826631
414.75		0.826631
414.875		0.826631
415		0.826631
415.125		0.828095
415.25		0.828095
415.375		0.828095
415.5		0.828095
415.625		0.828095
415.75		0.828095
415.875		0.828095
416		0.828095
416.125		0.832942
416.25		0.832942
416.375		0.832942
416.5		0.832942
416.625		0.832942
416.75		0.832942
416.875		0.832942
417		0.832942
417.125		0.83367
417.25		0.83367
417.375		0.83367
417.5		0.83367
417.625		0.83367
417.75		0.83367
417.875		0.83367
418		0.83367
418.125		0.834495
418.25		0.834495
418.375		0.834495
418.5		0.834495
418.625		0.834495
418.75		0.834495
418.875		0.834495
419		0.834495
419.125		0.834997
419.25		0.834997
419.375		0.834997
419.5		0.834997
419.625		0.834997
419.75		0.834997
419.875		0.834997
420		0.834997
420.125		0.837636
420.25		0.837636
420.375		0.837636
420.5		0.837636
420.625		0.837636
420.75		0.837636
420.875		0.837636
421		0.837636
421.125		0.844202
421.25		0.844202
421.375		0.844202
421.5		0.844202
421.625		0.844202
421.75		0.844202
421.875		0.844202
422		0.844202
422.125		0.844749
422.25		0.844749
422.375		0.844749
422.5		0.844749
422.625		0.844749
422.75		0.844749
422.875		0.844749
423		0.844749
423.125		0.845301
423.25		0.845301
423.375		0.845301
423.5		0.845301
423.625		0.845301
423.75		0.845301
423.875		0.845301
424		0.845301
424.125		0.847064
424.25		0.847064
424.375		0.847064
424.5		0.847064
424.625		0.847064
424.75		0.847064
424.875		0.847064
425		0.847064
425.125		0.847895
425.25		0.847895
425.375		0.847895
425.5		0.847895
425.625		0.847895
425.75		0.847895
425.875		0.847895
426		0.847895
426.125		0.851297
426.25		0.851297
426.375		0.851297
426.5		0.851297
426.625		0.851297
426.75		0.851297
426.875		0.851297
427		0.851297
427.125		0.853669
427.25		0.853669
427.375		0.853669
427.5		0.853669
427.625		0.853669
427.75		0.853669
427.875		0.853669
428		0.853669
428.125		0.853966
428.25		0.853966
428.375		0.853966
428.5		0.853966
428.625		0.853966
428.75		0.853966
428.875		0.853966
429		0.853966
429.125		0.857392
429.25		0.857392
429.375		0.857392
429.5		0.857392
429.625		0.857392
429.75		0.857392
429.875		0.857392
430		0.857392
430.125		0.859422
430.25		0.859422
430.375		0.859422
430.5		0.859422
430.625		0.859422
430.75		0.859422
430.875		0.859422
431		0.859422
431.125		0.860684
431.25		0.860684
431.375		0.860684
431.5		0.860684
431.625		0.860684
431.75		0.860684
431.875		0.860684
432		0.860684
432.125		0.861284
432.25		0.861284
432.375		0.861284
432.5		0.861284
432.625		0.861284
432.75		0.861284
432.875		0.861284
433		0.861284
433.125		0.863379
433.25		0.863379
433.375		0.863379
433.5		0.863379
433.625		0.863379
433.75		0.863379
433.875		0.863379
434		0.863379
434.125		0.868886
434.25		0.868886
434.375		0.868886
434.5		0.868886
434.625		0.868886
434.75		0.868886
434.875		0.868886
435		0.868886
435.125		0.869904
435.25		0.869904
435.375		0.869904
435.5		0.869904
435.625		0.869904
435.75		0.869904
435.875		0.869904
436		0.869904
436.125		0.870207
436.25		0.870207
436.375		0.870207
436.5		0.870207
436.625		0.870207
436.75		0.870207
436.875		0.870207
437		0.870207
437.125		0.870866
437.25		0.870866
437.375		0.870866
437.5		0.870866
437.625		0.870866
437.75		0.870866
437.875		0.870866
438		0.870866
438.125		0.87534
438.25		0.87534
438.375		0.87534
438.5		0.87534
438.625		0.87534
438.75		0.87534
438.875		0.87534
439		0.87534
439.125		0.876492
439.25		0.876492
439.375		0.876492
439.5		0.876492
439.625		0.876492
439.75		0.876492
439.875		0.876492
440		0.876492
440.125		0.879558
440.25		0.879558
440.375		0.879558
440.5		0.879558
440.625		0.879558
440.75		0.879558
440.875		0.879558
441		0.879558
441.125		0.880449
441.25		0.880449
441.375		0.880449
441.5		0.880449
441.625		0.880449
441.75		0.880449
441.875		0.880449
442		0.880449
442.125		0.883658
442.25		0.883658
442.375		0.883658
442.5		0.883658
442.625		0.883658
442.75		0.883658
442.875		0.883658
443		0.883658
443.125		0.885133
443.25		0.885133
443.375		0.885133
443.5		0.885133
443.625		0.885133
443.75		0.885133
443.875		0.885133
444		0.885133
444.125		0.885748
444.25		0.885748
444.375		0.885748
444.5		0.885748
444.625		0.885748
444.75		0.885748
444.875		0.885748
445		0.885748
445.125		0.887912
445.25		0.887912
445.375		0.887912
445.5		0.887912
445.625		0.887912
445.75		0.887912
445.875		0.887912
446		0.887912
446.125		0.890331
446.25		0.890331
446.375		0.890331
446.5		0.890331
446.625		0.890331
446.75		0.890331
446.875		0.890331
447		0.890331
447.125		0.893089
447.25		0.893089
447.375		0.893089
447.5		0.893089
447.625		0.893089
447.75		0.893089
447.875		0.893089
448		0.893089
448.125		0.894808
448.25		0.894808
448.375		0.894808
448.5		0.894808
448.625		0.894808
448.75		0.894808
448.875		0.894808
449		0.894808
449.125		0.896393
449.25		0.896393
449.375		0.896393
449.5		0.896393
449.625		0.896393
449.75		0.896393
449.875		0.896393
450		0.896393
450.125		0.899647
450.25		0.899647
450.375		0.899647
450.5		0.899647
450.625		0.899647
450.75		0.899647
450.875		0.899647
451		0.899647
451.125		0.902443
451.25		0.902443
451.375		0.902443
451.5		0.902443
451.625		0.902443
451.75		0.902443
451.875		0.902443
452		0.902443
452.125		0.903841
452.25		0.903841
452.375		0.903841
452.5		0.903841
452.625		0.903841
452.75		0.903841
452.875		0.903841
453		0.903841
453.125		0.90499
453.25		0.90499
453.375		0.90499
453.5		0.90499
453.625		0.90499
453.75		0.90499
453.875		0.90499
454		0.90499
454.125		0.906086
454.25		0.906086
454.375		0.906086
454.5		0.906086
454.625		0.906086
454.75		0.906086
454.875		0.906086
455		0.906086
455.125		0.910458
455.25		0.910458
455.375		0.910458
455.5		0.910458
455.625		0.910458
455.75		0.910458
455.875		0.910458
456		0.910458
456.125		0.913169
456.25		0.913169
456.375		0.913169
456.5		0.913169
456.625		0.913169
456.75		0.913169
456.875		0.913169
457		0.913169
457.125		0.914041
457.25		0.914041
457.375		0.914041
457.5		0.914041
457.625		0.914041
457.75		0.914041
457.875		0.914041
458		0.914041
458.125		0.916013
458.25		0.916013
458.375		0.916013
458.5		0.916013
458.625		0.916013
458.75		0.916013
458.875		0.916013
459		0.916013
459.125		0.916318
459.25		0.916318
459.375		0.916318
459.5		0.916318
459.625		0.916318
459.75		0.916318
459.875		0.916318
460		0.916318
460.125		0.921323
460.25		0.921323
460.375		0.921323
460.5		0.921323
460.625		0.921323
460.75		0.921323
460.875		0.921323
461		0.921323
461.125		0.921632
461.25		0.921632
461.375		0.921632
461.5		0.921632
461.625		0.921632
461.75		0.921632
461.875		0.921632
462		0.921632
462.125		0.924494
462.25		0.924494
462.375		0.924494
462.5		0.924494
462.625		0.924494
462.75		0.924494
462.875		0.924494
463		0.924494
463.125		0.924797
463.25		0.924797
463.375		0.924797
463.5		0.924797
463.625		0.924797
463.75		0.924797
463.875		0.924797
464		0.924797
464.125		0.928095
464.25		0.928095
464.375		0.928095
464.5		0.928095
464.625		0.928095
464.75		0.928095
464.875		0.928095
465		0.928095
465.125		0.928558
465.25		0.928558
465.375		0.928558
465.5		0.928558
465.625		0.928558
465.75		0.928558
465.875		0.928558
466		0.928558
466.125		0.931924
466.25		0.931924
466.375		0.931924
466.5		0.931924
466.625		0.931924
466.75		0.931924
466.875		0.931924
467		0.931924
467.125		0.932892
467.25		0.932892
467.375		0.932892
467.5		0.932892
467.625		0.932892
467.75		0.932892
467.875		0.932892
468		0.932892
468.125		0.936425
468.25		0.936425
468.375		0.936425
468.5		0.936425
468.625		0.936425
468.75		0.936425
468.875		0.936425
469		0.936425
469.125		0.93673
469.25		0.93673
469.375		0.93673
469.5		0.93673
469.625		0.93673
469.75		0.93673
469.875		0.93673
470		0.93673
470.125		0.939277
470.25		0.939277
470.375		0.939277
470.5		0.939277
470.625		0.939277
470.75		0.939277
470.875		0.939277
471		0.939277
471.125		0.940465
471.25		0.940465
471.375		0.940465
471.5		0.940465
471.625		0.940465
471.75		0.940465
471.875		0.940465
472		0.940465
472.125		0.944196
472.25		0.944196
472.375		0.944196
472.5		0.944196
472.625		0.944196
472.75		0.944196
472.875		0.944196
473		0.944196
473.125		0.94593
473.25		0.94593
473.375		0.94593
473.5		0.94593
473.625		0.94593
473.75		0.94593
473.875		0.94593
474		0.94593
474.125		0.948142
474.25		0.948142
474.375		0.948142
474.5		0.948142
474.625		0.948142
474.75		0.948142
474.875		0.948142
475		0.948142
475.125		0.949881
475.25		0.949881
475.375		0.949881
475.5		0.949881
475.625		0.949881
475.75		0.949881
475.875		0.949881
476		0.949881
476.125		0.951579
476.25		0.951579
476.375		0.951579
476.5		0.951579
476.625		0.951579
476.75		0.951579
476.875		0.951579
477		0.951579
477.125		0.953927
477.25		0.953927
477.375		0.953927
477.5		0.953927
477.625		0.953927
477.75		0.953927
477.875		0.953927
478		0.953927
478.125		0.954236
478.25		0.954236
478.375		0.954236
478.5		0.954236
478.625		0.954236
478.75		0.954236
478.875		0.954236
479		0.954236
479.125		0.957757
479.25		0.957757
479.375		0.957757
479.5		0.957757
479.625		0.957757
479.75		0.957757
479.875		0.957757
480		0.957757
480.125		0.959547
480.25		0.959547
480.375		0.959547
480.5		0.959547
480.625		0.959547
480.75		0.959547
480.875		0.959547
481		0.959547
481.125		0.960779
481.25		0.960779
481.375		0.960779
481.5		0.960779
481.625		0.960779
481.75		0.960779
481.875		0.960779
482		0.960779
482.125		0.964522
482.25		0.964522
482.375		0.964522
482.5		0.964522
482.625		0.964522
482.75		0.964522
482.875		0.964522
483		0.964522
483.125		0.966333
483.25		0.966333
483.375		0.966333
483.5		0.966333
483.625		0.966333
483.75		0.966333
483.875		0.966333
484		0.966333
484.125		0.966856
484.25		0.966856
484.375		0.966856
484.5		0.966856
484.625		0.966856
484.75		0.966856
484.875		0.966856
485		0.966856
485.125		0.96796
485.25		0.96796
485.375		0.96796
485.5		0.96796
485.625		0.96796
485.75		0.96796
485.875		0.96796
486		0.96796
486.125		0.973277
486.25		0.973277
486.375		0.973277
486.5		0.973277
486.625		0.973277
486.75		0.973277
486.875		0.973277
487		0.973277
487.125		0.973553
487.25		0.973553
487.375		0.973553
487.5		0.973553
487.625		0.973553
487.75		0.973553
487.875		0.973553
488		0.973553
488.125		0.975215
488.25		0.975215
488.375		0.975215
488.5		0.975215
488.625		0.975215
488.75		0.975215
488.875		0.975215
489		0.975215
489.125		0.975488
489.25		0.975488
489.375		0.975488
489.5		0.975488
489.625		0.975488
489.75		0.975488
489.875		0.975488
490		0.975488
490.125		0.981761
490.25		0.981761
490.375		0.981761
490.5		0.981761
490.625		0.981761
490.75		0.981761
490.875		0.981761
491		0.981761
491.125		0.982073
491.25		0.982073
491.375		0.982073
491.5		0.982073
491.625		0.982073
491.75		0.982073
491.875		0.982073
492		0.982073
492.125		0.982666
492.25		0.982666
492.375		0.982666
492.5		0.982666
492.625		0.982666
492.75		0.982666
492.875		0.982666
493		0.982666
493.125		0.984822
493.25		0.984822
493.375		0.984822
493.5		0.984822
493.625		0.984822
493.75		0.984822
493.875		0.984822
494		0.984822
494.125		0.989987
494.25		0.989987
494.375		0.989987
494.5		0.989987
494.625		0.989987
494.75		0.989987
494.875		0.989987
495		0.989987
495.125		0.990928
495.25		0.990928
495.375		0.990928
495.5		0.990928
495.625		0.990928
495.75		0.990928
495.875		0.990928
496		0.990928
496.125		0.992347
496.25		0.992347
496.375		0.992347
496.5		0.992347
496.625		0.992347
496.75		0.992347
496.875		0.992347
497		0.992347
497.125		0.992656
497.25		0.992656
497.375		0.992656
497.5		0.992656
497.625		0.992656
497.75		0.992656
497.875		0.992656
498		0.992656
498.125		0.995399
498.25		0.995399
498.375		0.995399
498.5		0.995399
498.625		0.995399
498.75		0.995399
498.875		0.995399
499		0.995399
499.125		1
499.25		1
499.375		1
499.5		1
499.625		1
499.75		1
499.875		1
500		1
