# Calibration file of tamex_id 1 @ channel 2
# fine_T bin		 Calibration value
0.125		0
0.25		0
0.375		0
0.5		0
0.625		0
0.75		0
0.875		0
1		0
1.125		0
1.25		0
1.375		0
1.5		0
1.625		0
1.75		0
1.875		0
2		0
2.125		0
2.25		0
2.375		0
2.5		0
2.625		0
2.75		0
2.875		0
3		0
3.125		0
3.25		0
3.375		0
3.5		0
3.625		0
3.75		0
3.875		0
4		0
4.125		0
4.25		0
4.375		0
4.5		0
4.625		0
4.75		0
4.875		0
5		0
5.125		0
5.25		0
5.375		0
5.5		0
5.625		0
5.75		0
5.875		0
6		0
6.125		0
6.25		0
6.375		0
6.5		0
6.625		0
6.75		0
6.875		0
7		0
7.125		0
7.25		0
7.375		0
7.5		0
7.625		0
7.75		0
7.875		0
8		0
8.125		0
8.25		0
8.375		0
8.5		0
8.625		0
8.75		0
8.875		0
9		0
9.125		0
9.25		0
9.375		0
9.5		0
9.625		0
9.75		0
9.875		0
10		0
10.125		0
10.25		0
10.375		0
10.5		0
10.625		0
10.75		0
10.875		0
11		0
11.125		0
11.25		0
11.375		0
11.5		0
11.625		0
11.75		0
11.875		0
12		0
12.125		0
12.25		0
12.375		0
12.5		0
12.625		0
12.75		0
12.875		0
13		0
13.125		0
13.25		0
13.375		0
13.5		0
13.625		0
13.75		0
13.875		0
14		0
14.125		0
14.25		0
14.375		0
14.5		0
14.625		0
14.75		0
14.875		0
15		0
15.125		0
15.25		0
15.375		0
15.5		0
15.625		0
15.75		0
15.875		0
16		0
16.125		0.00749916
16.25		0.00749916
16.375		0.00749916
16.5		0.00749916
16.625		0.00749916
16.75		0.00749916
16.875		0.00749916
17		0.00749916
17.125		0.0107554
17.25		0.0107554
17.375		0.0107554
17.5		0.0107554
17.625		0.0107554
17.75		0.0107554
17.875		0.0107554
18		0.0107554
18.125		0.0114377
18.25		0.0114377
18.375		0.0114377
18.5		0.0114377
18.625		0.0114377
18.75		0.0114377
18.875		0.0114377
19		0.0114377
19.125		0.0158318
19.25		0.0158318
19.375		0.0158318
19.5		0.0158318
19.625		0.0158318
19.75		0.0158318
19.875		0.0158318
20		0.0158318
20.125		0.01951
20.25		0.01951
20.375		0.01951
20.5		0.01951
20.625		0.01951
20.75		0.01951
20.875		0.01951
21		0.01951
21.125		0.0231126
21.25		0.0231126
21.375		0.0231126
21.5		0.0231126
21.625		0.0231126
21.75		0.0231126
21.875		0.0231126
22		0.0231126
22.125		0.023417
22.25		0.023417
22.375		0.023417
22.5		0.023417
22.625		0.023417
22.75		0.023417
22.875		0.023417
23		0.023417
23.125		0.0268727
23.25		0.0268727
23.375		0.0268727
23.5		0.0268727
23.625		0.0268727
23.75		0.0268727
23.875		0.0268727
24		0.0268727
24.125		0.0305278
24.25		0.0305278
24.375		0.0305278
24.5		0.0305278
24.625		0.0305278
24.75		0.0305278
24.875		0.0305278
25		0.0305278
25.125		0.0311576
25.25		0.0311576
25.375		0.0311576
25.5		0.0311576
25.625		0.0311576
25.75		0.0311576
25.875		0.0311576
26		0.0311576
26.125		0.0319995
26.25		0.0319995
26.375		0.0319995
26.5		0.0319995
26.625		0.0319995
26.75		0.0319995
26.875		0.0319995
27		0.0319995
27.125		0.035136
27.25		0.035136
27.375		0.035136
27.5		0.035136
27.625		0.035136
27.75		0.035136
27.875		0.035136
28		0.035136
28.125		0.0373551
28.25		0.0373551
28.375		0.0373551
28.5		0.0373551
28.625		0.0373551
28.75		0.0373551
28.875		0.0373551
29		0.0373551
29.125		0.0388814
29.25		0.0388814
29.375		0.0388814
29.5		0.0388814
29.625		0.0388814
29.75		0.0388814
29.875		0.0388814
30		0.0388814
30.125		0.0390893
30.25		0.0390893
30.375		0.0390893
30.5		0.0390893
30.625		0.0390893
30.75		0.0390893
30.875		0.0390893
31		0.0390893
31.125		0.0428892
31.25		0.0428892
31.375		0.0428892
31.5		0.0428892
31.625		0.0428892
31.75		0.0428892
31.875		0.0428892
32		0.0428892
32.125		0.0457046
32.25		0.0457046
32.375		0.0457046
32.5		0.0457046
32.625		0.0457046
32.75		0.0457046
32.875		0.0457046
33		0.0457046
33.125		0.0473211
33.25		0.0473211
33.375		0.0473211
33.5		0.0473211
33.625		0.0473211
33.75		0.0473211
33.875		0.0473211
34		0.0473211
34.125		0.0481441
34.25		0.0481441
34.375		0.0481441
34.5		0.0481441
34.625		0.0481441
34.75		0.0481441
34.875		0.0481441
35		0.0481441
35.125		0.0492421
35.25		0.0492421
35.375		0.0492421
35.5		0.0492421
35.625		0.0492421
35.75		0.0492421
35.875		0.0492421
36		0.0492421
36.125		0.0547027
36.25		0.0547027
36.375		0.0547027
36.5		0.0547027
36.625		0.0547027
36.75		0.0547027
36.875		0.0547027
37		0.0547027
37.125		0.0563802
37.25		0.0563802
37.375		0.0563802
37.5		0.0563802
37.625		0.0563802
37.75		0.0563802
37.875		0.0563802
38		0.0563802
38.125		0.05718
38.25		0.05718
38.375		0.05718
38.5		0.05718
38.625		0.05718
38.75		0.05718
38.875		0.05718
39		0.05718
39.125		0.0589982
39.25		0.0589982
39.375		0.0589982
39.5		0.0589982
39.625		0.0589982
39.75		0.0589982
39.875		0.0589982
40		0.0589982
40.125		0.0605034
40.25		0.0605034
40.375		0.0605034
40.5		0.0605034
40.625		0.0605034
40.75		0.0605034
40.875		0.0605034
41		0.0605034
41.125		0.0645889
41.25		0.0645889
41.375		0.0645889
41.5		0.0645889
41.625		0.0645889
41.75		0.0645889
41.875		0.0645889
42		0.0645889
42.125		0.0661635
42.25		0.0661635
42.375		0.0661635
42.5		0.0661635
42.625		0.0661635
42.75		0.0661635
42.875		0.0661635
43		0.0661635
43.125		0.0670222
43.25		0.0670222
43.375		0.0670222
43.5		0.0670222
43.625		0.0670222
43.75		0.0670222
43.875		0.0670222
44		0.0670222
44.125		0.0701482
44.25		0.0701482
44.375		0.0701482
44.5		0.0701482
44.625		0.0701482
44.75		0.0701482
44.875		0.0701482
45		0.0701482
45.125		0.0718131
45.25		0.0718131
45.375		0.0718131
45.5		0.0718131
45.625		0.0718131
45.75		0.0718131
45.875		0.0718131
46		0.0718131
46.125		0.0747943
46.25		0.0747943
46.375		0.0747943
46.5		0.0747943
46.625		0.0747943
46.75		0.0747943
46.875		0.0747943
47		0.0747943
47.125		0.0767005
47.25		0.0767005
47.375		0.0767005
47.5		0.0767005
47.625		0.0767005
47.75		0.0767005
47.875		0.0767005
48		0.0767005
48.125		0.0776747
48.25		0.0776747
48.375		0.0776747
48.5		0.0776747
48.625		0.0776747
48.75		0.0776747
48.875		0.0776747
49		0.0776747
49.125		0.0813088
49.25		0.0813088
49.375		0.0813088
49.5		0.0813088
49.625		0.0813088
49.75		0.0813088
49.875		0.0813088
50		0.0813088
50.125		0.0839583
50.25		0.0839583
50.375		0.0839583
50.5		0.0839583
50.625		0.0839583
50.75		0.0839583
50.875		0.0839583
51		0.0839583
51.125		0.0864944
51.25		0.0864944
51.375		0.0864944
51.5		0.0864944
51.625		0.0864944
51.75		0.0864944
51.875		0.0864944
52		0.0864944
52.125		0.0873257
52.25		0.0873257
52.375		0.0873257
52.5		0.0873257
52.625		0.0873257
52.75		0.0873257
52.875		0.0873257
53		0.0873257
53.125		0.0883251
53.25		0.0883251
53.375		0.0883251
53.5		0.0883251
53.625		0.0883251
53.75		0.0883251
53.875		0.0883251
54		0.0883251
54.125		0.0914091
54.25		0.0914091
54.375		0.0914091
54.5		0.0914091
54.625		0.0914091
54.75		0.0914091
54.875		0.0914091
55		0.0914091
55.125		0.0945982
55.25		0.0945982
55.375		0.0945982
55.5		0.0945982
55.625		0.0945982
55.75		0.0945982
55.875		0.0945982
56		0.0945982
56.125		0.0957319
56.25		0.0957319
56.375		0.0957319
56.5		0.0957319
56.625		0.0957319
56.75		0.0957319
56.875		0.0957319
57		0.0957319
57.125		0.0961853
57.25		0.0961853
57.375		0.0961853
57.5		0.0961853
57.625		0.0961853
57.75		0.0961853
57.875		0.0961853
58		0.0961853
58.125		0.103143
58.25		0.103143
58.375		0.103143
58.5		0.103143
58.625		0.103143
58.75		0.103143
58.875		0.103143
59		0.103143
59.125		0.103317
59.25		0.103317
59.375		0.103317
59.5		0.103317
59.625		0.103317
59.75		0.103317
59.875		0.103317
60		0.103317
60.125		0.103664
60.25		0.103664
60.375		0.103664
60.5		0.103664
60.625		0.103664
60.75		0.103664
60.875		0.103664
61		0.103664
61.125		0.105618
61.25		0.105618
61.375		0.105618
61.5		0.105618
61.625		0.105618
61.75		0.105618
61.875		0.105618
62		0.105618
62.125		0.108799
62.25		0.108799
62.375		0.108799
62.5		0.108799
62.625		0.108799
62.75		0.108799
62.875		0.108799
63		0.108799
63.125		0.110915
63.25		0.110915
63.375		0.110915
63.5		0.110915
63.625		0.110915
63.75		0.110915
63.875		0.110915
64		0.110915
64.125		0.114835
64.25		0.114835
64.375		0.114835
64.5		0.114835
64.625		0.114835
64.75		0.114835
64.875		0.114835
65		0.114835
65.125		0.115716
65.25		0.115716
65.375		0.115716
65.5		0.115716
65.625		0.115716
65.75		0.115716
65.875		0.115716
66		0.115716
66.125		0.11917
66.25		0.11917
66.375		0.11917
66.5		0.11917
66.625		0.11917
66.75		0.11917
66.875		0.11917
67		0.11917
67.125		0.119827
67.25		0.119827
67.375		0.119827
67.5		0.119827
67.625		0.119827
67.75		0.119827
67.875		0.119827
68		0.119827
68.125		0.120753
68.25		0.120753
68.375		0.120753
68.5		0.120753
68.625		0.120753
68.75		0.120753
68.875		0.120753
69		0.120753
69.125		0.124542
69.25		0.124542
69.375		0.124542
69.5		0.124542
69.625		0.124542
69.75		0.124542
69.875		0.124542
70		0.124542
70.125		0.129224
70.25		0.129224
70.375		0.129224
70.5		0.129224
70.625		0.129224
70.75		0.129224
70.875		0.129224
71		0.129224
71.125		0.131101
71.25		0.131101
71.375		0.131101
71.5		0.131101
71.625		0.131101
71.75		0.131101
71.875		0.131101
72		0.131101
72.125		0.132281
72.25		0.132281
72.375		0.132281
72.5		0.132281
72.625		0.132281
72.75		0.132281
72.875		0.132281
73		0.132281
73.125		0.1345
73.25		0.1345
73.375		0.1345
73.5		0.1345
73.625		0.1345
73.75		0.1345
73.875		0.1345
74		0.1345
74.125		0.134914
74.25		0.134914
74.375		0.134914
74.5		0.134914
74.625		0.134914
74.75		0.134914
74.875		0.134914
75		0.134914
75.125		0.138008
75.25		0.138008
75.375		0.138008
75.5		0.138008
75.625		0.138008
75.75		0.138008
75.875		0.138008
76		0.138008
76.125		0.140884
76.25		0.140884
76.375		0.140884
76.5		0.140884
76.625		0.140884
76.75		0.140884
76.875		0.140884
77		0.140884
77.125		0.143322
77.25		0.143322
77.375		0.143322
77.5		0.143322
77.625		0.143322
77.75		0.143322
77.875		0.143322
78		0.143322
78.125		0.143891
78.25		0.143891
78.375		0.143891
78.5		0.143891
78.625		0.143891
78.75		0.143891
78.875		0.143891
79		0.143891
79.125		0.146431
79.25		0.146431
79.375		0.146431
79.5		0.146431
79.625		0.146431
79.75		0.146431
79.875		0.146431
80		0.146431
80.125		0.151333
80.25		0.151333
80.375		0.151333
80.5		0.151333
80.625		0.151333
80.75		0.151333
80.875		0.151333
81		0.151333
81.125		0.151921
81.25		0.151921
81.375		0.151921
81.5		0.151921
81.625		0.151921
81.75		0.151921
81.875		0.151921
82		0.151921
82.125		0.154854
82.25		0.154854
82.375		0.154854
82.5		0.154854
82.625		0.154854
82.75		0.154854
82.875		0.154854
83		0.154854
83.125		0.159636
83.25		0.159636
83.375		0.159636
83.5		0.159636
83.625		0.159636
83.75		0.159636
83.875		0.159636
84		0.159636
84.125		0.161077
84.25		0.161077
84.375		0.161077
84.5		0.161077
84.625		0.161077
84.75		0.161077
84.875		0.161077
85		0.161077
85.125		0.161771
85.25		0.161771
85.375		0.161771
85.5		0.161771
85.625		0.161771
85.75		0.161771
85.875		0.161771
86		0.161771
86.125		0.165345
86.25		0.165345
86.375		0.165345
86.5		0.165345
86.625		0.165345
86.75		0.165345
86.875		0.165345
87		0.165345
87.125		0.166455
87.25		0.166455
87.375		0.166455
87.5		0.166455
87.625		0.166455
87.75		0.166455
87.875		0.166455
88		0.166455
88.125		0.171414
88.25		0.171414
88.375		0.171414
88.5		0.171414
88.625		0.171414
88.75		0.171414
88.875		0.171414
89		0.171414
89.125		0.172854
89.25		0.172854
89.375		0.172854
89.5		0.172854
89.625		0.172854
89.75		0.172854
89.875		0.172854
90		0.172854
90.125		0.175118
90.25		0.175118
90.375		0.175118
90.5		0.175118
90.625		0.175118
90.75		0.175118
90.875		0.175118
91		0.175118
91.125		0.176757
91.25		0.176757
91.375		0.176757
91.5		0.176757
91.625		0.176757
91.75		0.176757
91.875		0.176757
92		0.176757
92.125		0.177179
92.25		0.177179
92.375		0.177179
92.5		0.177179
92.625		0.177179
92.75		0.177179
92.875		0.177179
93		0.177179
93.125		0.177519
93.25		0.177519
93.375		0.177519
93.5		0.177519
93.625		0.177519
93.75		0.177519
93.875		0.177519
94		0.177519
94.125		0.181582
94.25		0.181582
94.375		0.181582
94.5		0.181582
94.625		0.181582
94.75		0.181582
94.875		0.181582
95		0.181582
95.125		0.186967
95.25		0.186967
95.375		0.186967
95.5		0.186967
95.625		0.186967
95.75		0.186967
95.875		0.186967
96		0.186967
96.125		0.1875
96.25		0.1875
96.375		0.1875
96.5		0.1875
96.625		0.1875
96.75		0.1875
96.875		0.1875
97		0.1875
97.125		0.188357
97.25		0.188357
97.375		0.188357
97.5		0.188357
97.625		0.188357
97.75		0.188357
97.875		0.188357
98		0.188357
98.125		0.189129
98.25		0.189129
98.375		0.189129
98.5		0.189129
98.625		0.189129
98.75		0.189129
98.875		0.189129
99		0.189129
99.125		0.190229
99.25		0.190229
99.375		0.190229
99.5		0.190229
99.625		0.190229
99.75		0.190229
99.875		0.190229
100		0.190229
100.125		0.194428
100.25		0.194428
100.375		0.194428
100.5		0.194428
100.625		0.194428
100.75		0.194428
100.875		0.194428
101		0.194428
101.125		0.196122
101.25		0.196122
101.375		0.196122
101.5		0.196122
101.625		0.196122
101.75		0.196122
101.875		0.196122
102		0.196122
102.125		0.197676
102.25		0.197676
102.375		0.197676
102.5		0.197676
102.625		0.197676
102.75		0.197676
102.875		0.197676
103		0.197676
103.125		0.200107
103.25		0.200107
103.375		0.200107
103.5		0.200107
103.625		0.200107
103.75		0.200107
103.875		0.200107
104		0.200107
104.125		0.205011
104.25		0.205011
104.375		0.205011
104.5		0.205011
104.625		0.205011
104.75		0.205011
104.875		0.205011
105		0.205011
105.125		0.205167
105.25		0.205167
105.375		0.205167
105.5		0.205167
105.625		0.205167
105.75		0.205167
105.875		0.205167
106		0.205167
106.125		0.206221
106.25		0.206221
106.375		0.206221
106.5		0.206221
106.625		0.206221
106.75		0.206221
106.875		0.206221
107		0.206221
107.125		0.206403
107.25		0.206403
107.375		0.206403
107.5		0.206403
107.625		0.206403
107.75		0.206403
107.875		0.206403
108		0.206403
108.125		0.212456
108.25		0.212456
108.375		0.212456
108.5		0.212456
108.625		0.212456
108.75		0.212456
108.875		0.212456
109		0.212456
109.125		0.215114
109.25		0.215114
109.375		0.215114
109.5		0.215114
109.625		0.215114
109.75		0.215114
109.875		0.215114
110		0.215114
110.125		0.217547
110.25		0.217547
110.375		0.217547
110.5		0.217547
110.625		0.217547
110.75		0.217547
110.875		0.217547
111		0.217547
111.125		0.219924
111.25		0.219924
111.375		0.219924
111.5		0.219924
111.625		0.219924
111.75		0.219924
111.875		0.219924
112		0.219924
112.125		0.222252
112.25		0.222252
112.375		0.222252
112.5		0.222252
112.625		0.222252
112.75		0.222252
112.875		0.222252
113		0.222252
113.125		0.22554
113.25		0.22554
113.375		0.22554
113.5		0.22554
113.625		0.22554
113.75		0.22554
113.875		0.22554
114		0.22554
114.125		0.230431
114.25		0.230431
114.375		0.230431
114.5		0.230431
114.625		0.230431
114.75		0.230431
114.875		0.230431
115		0.230431
115.125		0.230605
115.25		0.230605
115.375		0.230605
115.5		0.230605
115.625		0.230605
115.75		0.230605
115.875		0.230605
116		0.230605
116.125		0.230767
116.25		0.230767
116.375		0.230767
116.5		0.230767
116.625		0.230767
116.75		0.230767
116.875		0.230767
117		0.230767
117.125		0.236604
117.25		0.236604
117.375		0.236604
117.5		0.236604
117.625		0.236604
117.75		0.236604
117.875		0.236604
118		0.236604
118.125		0.237689
118.25		0.237689
118.375		0.237689
118.5		0.237689
118.625		0.237689
118.75		0.237689
118.875		0.237689
119		0.237689
119.125		0.240794
119.25		0.240794
119.375		0.240794
119.5		0.240794
119.625		0.240794
119.75		0.240794
119.875		0.240794
120		0.240794
120.125		0.241059
120.25		0.241059
120.375		0.241059
120.5		0.241059
120.625		0.241059
120.75		0.241059
120.875		0.241059
121		0.241059
121.125		0.241714
121.25		0.241714
121.375		0.241714
121.5		0.241714
121.625		0.241714
121.75		0.241714
121.875		0.241714
122		0.241714
122.125		0.245398
122.25		0.245398
122.375		0.245398
122.5		0.245398
122.625		0.245398
122.75		0.245398
122.875		0.245398
123		0.245398
123.125		0.247739
123.25		0.247739
123.375		0.247739
123.5		0.247739
123.625		0.247739
123.75		0.247739
123.875		0.247739
124		0.247739
124.125		0.248808
124.25		0.248808
124.375		0.248808
124.5		0.248808
124.625		0.248808
124.75		0.248808
124.875		0.248808
125		0.248808
125.125		0.252639
125.25		0.252639
125.375		0.252639
125.5		0.252639
125.625		0.252639
125.75		0.252639
125.875		0.252639
126		0.252639
126.125		0.252836
126.25		0.252836
126.375		0.252836
126.5		0.252836
126.625		0.252836
126.75		0.252836
126.875		0.252836
127		0.252836
127.125		0.25527
127.25		0.25527
127.375		0.25527
127.5		0.25527
127.625		0.25527
127.75		0.25527
127.875		0.25527
128		0.25527
128.125		0.25896
128.25		0.25896
128.375		0.25896
128.5		0.25896
128.625		0.25896
128.75		0.25896
128.875		0.25896
129		0.25896
129.125		0.259676
129.25		0.259676
129.375		0.259676
129.5		0.259676
129.625		0.259676
129.75		0.259676
129.875		0.259676
130		0.259676
130.125		0.260993
130.25		0.260993
130.375		0.260993
130.5		0.260993
130.625		0.260993
130.75		0.260993
130.875		0.260993
131		0.260993
131.125		0.264702
131.25		0.264702
131.375		0.264702
131.5		0.264702
131.625		0.264702
131.75		0.264702
131.875		0.264702
132		0.264702
132.125		0.266802
132.25		0.266802
132.375		0.266802
132.5		0.266802
132.625		0.266802
132.75		0.266802
132.875		0.266802
133		0.266802
133.125		0.270003
133.25		0.270003
133.375		0.270003
133.5		0.270003
133.625		0.270003
133.75		0.270003
133.875		0.270003
134		0.270003
134.125		0.270348
134.25		0.270348
134.375		0.270348
134.5		0.270348
134.625		0.270348
134.75		0.270348
134.875		0.270348
135		0.270348
135.125		0.271162
135.25		0.271162
135.375		0.271162
135.5		0.271162
135.625		0.271162
135.75		0.271162
135.875		0.271162
136		0.271162
136.125		0.274513
136.25		0.274513
136.375		0.274513
136.5		0.274513
136.625		0.274513
136.75		0.274513
136.875		0.274513
137		0.274513
137.125		0.277104
137.25		0.277104
137.375		0.277104
137.5		0.277104
137.625		0.277104
137.75		0.277104
137.875		0.277104
138		0.277104
138.125		0.277704
138.25		0.277704
138.375		0.277704
138.5		0.277704
138.625		0.277704
138.75		0.277704
138.875		0.277704
139		0.277704
139.125		0.280943
139.25		0.280943
139.375		0.280943
139.5		0.280943
139.625		0.280943
139.75		0.280943
139.875		0.280943
140		0.280943
140.125		0.283448
140.25		0.283448
140.375		0.283448
140.5		0.283448
140.625		0.283448
140.75		0.283448
140.875		0.283448
141		0.283448
141.125		0.284869
141.25		0.284869
141.375		0.284869
141.5		0.284869
141.625		0.284869
141.75		0.284869
141.875		0.284869
142		0.284869
142.125		0.287343
142.25		0.287343
142.375		0.287343
142.5		0.287343
142.625		0.287343
142.75		0.287343
142.875		0.287343
143		0.287343
143.125		0.289037
143.25		0.289037
143.375		0.289037
143.5		0.289037
143.625		0.289037
143.75		0.289037
143.875		0.289037
144		0.289037
144.125		0.293129
144.25		0.293129
144.375		0.293129
144.5		0.293129
144.625		0.293129
144.75		0.293129
144.875		0.293129
145		0.293129
145.125		0.294573
145.25		0.294573
145.375		0.294573
145.5		0.294573
145.625		0.294573
145.75		0.294573
145.875		0.294573
146		0.294573
146.125		0.295595
146.25		0.295595
146.375		0.295595
146.5		0.295595
146.625		0.295595
146.75		0.295595
146.875		0.295595
147		0.295595
147.125		0.2978
147.25		0.2978
147.375		0.2978
147.5		0.2978
147.625		0.2978
147.75		0.2978
147.875		0.2978
148		0.2978
148.125		0.300313
148.25		0.300313
148.375		0.300313
148.5		0.300313
148.625		0.300313
148.75		0.300313
148.875		0.300313
149		0.300313
149.125		0.302053
149.25		0.302053
149.375		0.302053
149.5		0.302053
149.625		0.302053
149.75		0.302053
149.875		0.302053
150		0.302053
150.125		0.305992
150.25		0.305992
150.375		0.305992
150.5		0.305992
150.625		0.305992
150.75		0.305992
150.875		0.305992
151		0.305992
151.125		0.307631
151.25		0.307631
151.375		0.307631
151.5		0.307631
151.625		0.307631
151.75		0.307631
151.875		0.307631
152		0.307631
152.125		0.307923
152.25		0.307923
152.375		0.307923
152.5		0.307923
152.625		0.307923
152.75		0.307923
152.875		0.307923
153		0.307923
153.125		0.309162
153.25		0.309162
153.375		0.309162
153.5		0.309162
153.625		0.309162
153.75		0.309162
153.875		0.309162
154		0.309162
154.125		0.313508
154.25		0.313508
154.375		0.313508
154.5		0.313508
154.625		0.313508
154.75		0.313508
154.875		0.313508
155		0.313508
155.125		0.313781
155.25		0.313781
155.375		0.313781
155.5		0.313781
155.625		0.313781
155.75		0.313781
155.875		0.313781
156		0.313781
156.125		0.316651
156.25		0.316651
156.375		0.316651
156.5		0.316651
156.625		0.316651
156.75		0.316651
156.875		0.316651
157		0.316651
157.125		0.318981
157.25		0.318981
157.375		0.318981
157.5		0.318981
157.625		0.318981
157.75		0.318981
157.875		0.318981
158		0.318981
158.125		0.322917
158.25		0.322917
158.375		0.322917
158.5		0.322917
158.625		0.322917
158.75		0.322917
158.875		0.322917
159		0.322917
159.125		0.32495
159.25		0.32495
159.375		0.32495
159.5		0.32495
159.625		0.32495
159.75		0.32495
159.875		0.32495
160		0.32495
160.125		0.325199
160.25		0.325199
160.375		0.325199
160.5		0.325199
160.625		0.325199
160.75		0.325199
160.875		0.325199
161		0.325199
161.125		0.32657
161.25		0.32657
161.375		0.32657
161.5		0.32657
161.625		0.32657
161.75		0.32657
161.875		0.32657
162		0.32657
162.125		0.331254
162.25		0.331254
162.375		0.331254
162.5		0.331254
162.625		0.331254
162.75		0.331254
162.875		0.331254
163		0.331254
163.125		0.332111
163.25		0.332111
163.375		0.332111
163.5		0.332111
163.625		0.332111
163.75		0.332111
163.875		0.332111
164		0.332111
164.125		0.33278
164.25		0.33278
164.375		0.33278
164.5		0.33278
164.625		0.33278
164.75		0.33278
164.875		0.33278
165		0.33278
165.125		0.335052
165.25		0.335052
165.375		0.335052
165.5		0.335052
165.625		0.335052
165.75		0.335052
165.875		0.335052
166		0.335052
166.125		0.339429
166.25		0.339429
166.375		0.339429
166.5		0.339429
166.625		0.339429
166.75		0.339429
166.875		0.339429
167		0.339429
167.125		0.341397
167.25		0.341397
167.375		0.341397
167.5		0.341397
167.625		0.341397
167.75		0.341397
167.875		0.341397
168		0.341397
168.125		0.342704
168.25		0.342704
168.375		0.342704
168.5		0.342704
168.625		0.342704
168.75		0.342704
168.875		0.342704
169		0.342704
169.125		0.345335
169.25		0.345335
169.375		0.345335
169.5		0.345335
169.625		0.345335
169.75		0.345335
169.875		0.345335
170		0.345335
170.125		0.346414
170.25		0.346414
170.375		0.346414
170.5		0.346414
170.625		0.346414
170.75		0.346414
170.875		0.346414
171		0.346414
171.125		0.348512
171.25		0.348512
171.375		0.348512
171.5		0.348512
171.625		0.348512
171.75		0.348512
171.875		0.348512
172		0.348512
172.125		0.350661
172.25		0.350661
172.375		0.350661
172.5		0.350661
172.625		0.350661
172.75		0.350661
172.875		0.350661
173		0.350661
173.125		0.353065
173.25		0.353065
173.375		0.353065
173.5		0.353065
173.625		0.353065
173.75		0.353065
173.875		0.353065
174		0.353065
174.125		0.355545
174.25		0.355545
174.375		0.355545
174.5		0.355545
174.625		0.355545
174.75		0.355545
174.875		0.355545
175		0.355545
175.125		0.359091
175.25		0.359091
175.375		0.359091
175.5		0.359091
175.625		0.359091
175.75		0.359091
175.875		0.359091
176		0.359091
176.125		0.359334
176.25		0.359334
176.375		0.359334
176.5		0.359334
176.625		0.359334
176.75		0.359334
176.875		0.359334
177		0.359334
177.125		0.362254
177.25		0.362254
177.375		0.362254
177.5		0.362254
177.625		0.362254
177.75		0.362254
177.875		0.362254
178		0.362254
178.125		0.362366
178.25		0.362366
178.375		0.362366
178.5		0.362366
178.625		0.362366
178.75		0.362366
178.875		0.362366
179		0.362366
179.125		0.362592
179.25		0.362592
179.375		0.362592
179.5		0.362592
179.625		0.362592
179.75		0.362592
179.875		0.362592
180		0.362592
180.125		0.370495
180.25		0.370495
180.375		0.370495
180.5		0.370495
180.625		0.370495
180.75		0.370495
180.875		0.370495
181		0.370495
181.125		0.370816
181.25		0.370816
181.375		0.370816
181.5		0.370816
181.625		0.370816
181.75		0.370816
181.875		0.370816
182		0.370816
182.125		0.37094
182.25		0.37094
182.375		0.37094
182.5		0.37094
182.625		0.37094
182.75		0.37094
182.875		0.37094
183		0.37094
183.125		0.373482
183.25		0.373482
183.375		0.373482
183.5		0.373482
183.625		0.373482
183.75		0.373482
183.875		0.373482
184		0.373482
184.125		0.376551
184.25		0.376551
184.375		0.376551
184.5		0.376551
184.625		0.376551
184.75		0.376551
184.875		0.376551
185		0.376551
185.125		0.379356
185.25		0.379356
185.375		0.379356
185.5		0.379356
185.625		0.379356
185.75		0.379356
185.875		0.379356
186		0.379356
186.125		0.380192
186.25		0.380192
186.375		0.380192
186.5		0.380192
186.625		0.380192
186.75		0.380192
186.875		0.380192
187		0.380192
187.125		0.383645
187.25		0.383645
187.375		0.383645
187.5		0.383645
187.625		0.383645
187.75		0.383645
187.875		0.383645
188		0.383645
188.125		0.385176
188.25		0.385176
188.375		0.385176
188.5		0.385176
188.625		0.385176
188.75		0.385176
188.875		0.385176
189		0.385176
189.125		0.388546
189.25		0.388546
189.375		0.388546
189.5		0.388546
189.625		0.388546
189.75		0.388546
189.875		0.388546
190		0.388546
190.125		0.389662
190.25		0.389662
190.375		0.389662
190.5		0.389662
190.625		0.389662
190.75		0.389662
190.875		0.389662
191		0.389662
191.125		0.391084
191.25		0.391084
191.375		0.391084
191.5		0.391084
191.625		0.391084
191.75		0.391084
191.875		0.391084
192		0.391084
192.125		0.394426
192.25		0.394426
192.375		0.394426
192.5		0.394426
192.625		0.394426
192.75		0.394426
192.875		0.394426
193		0.394426
193.125		0.398205
193.25		0.398205
193.375		0.398205
193.5		0.398205
193.625		0.398205
193.75		0.398205
193.875		0.398205
194		0.398205
194.125		0.399412
194.25		0.399412
194.375		0.399412
194.5		0.399412
194.625		0.399412
194.75		0.399412
194.875		0.399412
195		0.399412
195.125		0.401335
195.25		0.401335
195.375		0.401335
195.5		0.401335
195.625		0.401335
195.75		0.401335
195.875		0.401335
196		0.401335
196.125		0.4033
196.25		0.4033
196.375		0.4033
196.5		0.4033
196.625		0.4033
196.75		0.4033
196.875		0.4033
197		0.4033
197.125		0.403993
197.25		0.403993
197.375		0.403993
197.5		0.403993
197.625		0.403993
197.75		0.403993
197.875		0.403993
198		0.403993
198.125		0.406227
198.25		0.406227
198.375		0.406227
198.5		0.406227
198.625		0.406227
198.75		0.406227
198.875		0.406227
199		0.406227
199.125		0.410042
199.25		0.410042
199.375		0.410042
199.5		0.410042
199.625		0.410042
199.75		0.410042
199.875		0.410042
200		0.410042
200.125		0.410468
200.25		0.410468
200.375		0.410468
200.5		0.410468
200.625		0.410468
200.75		0.410468
200.875		0.410468
201		0.410468
201.125		0.414671
201.25		0.414671
201.375		0.414671
201.5		0.414671
201.625		0.414671
201.75		0.414671
201.875		0.414671
202		0.414671
202.125		0.417299
202.25		0.417299
202.375		0.417299
202.5		0.417299
202.625		0.417299
202.75		0.417299
202.875		0.417299
203		0.417299
203.125		0.41744
203.25		0.41744
203.375		0.41744
203.5		0.41744
203.625		0.41744
203.75		0.41744
203.875		0.41744
204		0.41744
204.125		0.419201
204.25		0.419201
204.375		0.419201
204.5		0.419201
204.625		0.419201
204.75		0.419201
204.875		0.419201
205		0.419201
205.125		0.420402
205.25		0.420402
205.375		0.420402
205.5		0.420402
205.625		0.420402
205.75		0.420402
205.875		0.420402
206		0.420402
206.125		0.424347
206.25		0.424347
206.375		0.424347
206.5		0.424347
206.625		0.424347
206.75		0.424347
206.875		0.424347
207		0.424347
207.125		0.427897
207.25		0.427897
207.375		0.427897
207.5		0.427897
207.625		0.427897
207.75		0.427897
207.875		0.427897
208		0.427897
208.125		0.428059
208.25		0.428059
208.375		0.428059
208.5		0.428059
208.625		0.428059
208.75		0.428059
208.875		0.428059
209		0.428059
209.125		0.42973
209.25		0.42973
209.375		0.42973
209.5		0.42973
209.625		0.42973
209.75		0.42973
209.875		0.42973
210		0.42973
210.125		0.435995
210.25		0.435995
210.375		0.435995
210.5		0.435995
210.625		0.435995
210.75		0.435995
210.875		0.435995
211		0.435995
211.125		0.436205
211.25		0.436205
211.375		0.436205
211.5		0.436205
211.625		0.436205
211.75		0.436205
211.875		0.436205
212		0.436205
212.125		0.436696
212.25		0.436696
212.375		0.436696
212.5		0.436696
212.625		0.436696
212.75		0.436696
212.875		0.436696
213		0.436696
213.125		0.437555
213.25		0.437555
213.375		0.437555
213.5		0.437555
213.625		0.437555
213.75		0.437555
213.875		0.437555
214		0.437555
214.125		0.442341
214.25		0.442341
214.375		0.442341
214.5		0.442341
214.625		0.442341
214.75		0.442341
214.875		0.442341
215		0.442341
215.125		0.4454
215.25		0.4454
215.375		0.4454
215.5		0.4454
215.625		0.4454
215.75		0.4454
215.875		0.4454
216		0.4454
216.125		0.447309
216.25		0.447309
216.375		0.447309
216.5		0.447309
216.625		0.447309
216.75		0.447309
216.875		0.447309
217		0.447309
217.125		0.447663
217.25		0.447663
217.375		0.447663
217.5		0.447663
217.625		0.447663
217.75		0.447663
217.875		0.447663
218		0.447663
218.125		0.452204
218.25		0.452204
218.375		0.452204
218.5		0.452204
218.625		0.452204
218.75		0.452204
218.875		0.452204
219		0.452204
219.125		0.452429
219.25		0.452429
219.375		0.452429
219.5		0.452429
219.625		0.452429
219.75		0.452429
219.875		0.452429
220		0.452429
220.125		0.453105
220.25		0.453105
220.375		0.453105
220.5		0.453105
220.625		0.453105
220.75		0.453105
220.875		0.453105
221		0.453105
221.125		0.457655
221.25		0.457655
221.375		0.457655
221.5		0.457655
221.625		0.457655
221.75		0.457655
221.875		0.457655
222		0.457655
222.125		0.459521
222.25		0.459521
222.375		0.459521
222.5		0.459521
222.625		0.459521
222.75		0.459521
222.875		0.459521
223		0.459521
223.125		0.462597
223.25		0.462597
223.375		0.462597
223.5		0.462597
223.625		0.462597
223.75		0.462597
223.875		0.462597
224		0.462597
224.125		0.463268
224.25		0.463268
224.375		0.463268
224.5		0.463268
224.625		0.463268
224.75		0.463268
224.875		0.463268
225		0.463268
225.125		0.464119
225.25		0.464119
225.375		0.464119
225.5		0.464119
225.625		0.464119
225.75		0.464119
225.875		0.464119
226		0.464119
226.125		0.46807
226.25		0.46807
226.375		0.46807
226.5		0.46807
226.625		0.46807
226.75		0.46807
226.875		0.46807
227		0.46807
227.125		0.468792
227.25		0.468792
227.375		0.468792
227.5		0.468792
227.625		0.468792
227.75		0.468792
227.875		0.468792
228		0.468792
228.125		0.472187
228.25		0.472187
228.375		0.472187
228.5		0.472187
228.625		0.472187
228.75		0.472187
228.875		0.472187
229		0.472187
229.125		0.474104
229.25		0.474104
229.375		0.474104
229.5		0.474104
229.625		0.474104
229.75		0.474104
229.875		0.474104
230		0.474104
230.125		0.474824
230.25		0.474824
230.375		0.474824
230.5		0.474824
230.625		0.474824
230.75		0.474824
230.875		0.474824
231		0.474824
231.125		0.478023
231.25		0.478023
231.375		0.478023
231.5		0.478023
231.625		0.478023
231.75		0.478023
231.875		0.478023
232		0.478023
232.125		0.480713
232.25		0.480713
232.375		0.480713
232.5		0.480713
232.625		0.480713
232.75		0.480713
232.875		0.480713
233		0.480713
233.125		0.482514
233.25		0.482514
233.375		0.482514
233.5		0.482514
233.625		0.482514
233.75		0.482514
233.875		0.482514
234		0.482514
234.125		0.484788
234.25		0.484788
234.375		0.484788
234.5		0.484788
234.625		0.484788
234.75		0.484788
234.875		0.484788
235		0.484788
235.125		0.485289
235.25		0.485289
235.375		0.485289
235.5		0.485289
235.625		0.485289
235.75		0.485289
235.875		0.485289
236		0.485289
236.125		0.490496
236.25		0.490496
236.375		0.490496
236.5		0.490496
236.625		0.490496
236.75		0.490496
236.875		0.490496
237		0.490496
237.125		0.491031
237.25		0.491031
237.375		0.491031
237.5		0.491031
237.625		0.491031
237.75		0.491031
237.875		0.491031
238		0.491031
238.125		0.491149
238.25		0.491149
238.375		0.491149
238.5		0.491149
238.625		0.491149
238.75		0.491149
238.875		0.491149
239		0.491149
239.125		0.493622
239.25		0.493622
239.375		0.493622
239.5		0.493622
239.625		0.493622
239.75		0.493622
239.875		0.493622
240		0.493622
240.125		0.499024
240.25		0.499024
240.375		0.499024
240.5		0.499024
240.625		0.499024
240.75		0.499024
240.875		0.499024
241		0.499024
241.125		0.499244
241.25		0.499244
241.375		0.499244
241.5		0.499244
241.625		0.499244
241.75		0.499244
241.875		0.499244
242		0.499244
242.125		0.500936
242.25		0.500936
242.375		0.500936
242.5		0.500936
242.625		0.500936
242.75		0.500936
242.875		0.500936
243		0.500936
243.125		0.501234
243.25		0.501234
243.375		0.501234
243.5		0.501234
243.625		0.501234
243.75		0.501234
243.875		0.501234
244		0.501234
244.125		0.507285
244.25		0.507285
244.375		0.507285
244.5		0.507285
244.625		0.507285
244.75		0.507285
244.875		0.507285
245		0.507285
245.125		0.508801
245.25		0.508801
245.375		0.508801
245.5		0.508801
245.625		0.508801
245.75		0.508801
245.875		0.508801
246		0.508801
246.125		0.509233
246.25		0.509233
246.375		0.509233
246.5		0.509233
246.625		0.509233
246.75		0.509233
246.875		0.509233
247		0.509233
247.125		0.511805
247.25		0.511805
247.375		0.511805
247.5		0.511805
247.625		0.511805
247.75		0.511805
247.875		0.511805
248		0.511805
248.125		0.514639
248.25		0.514639
248.375		0.514639
248.5		0.514639
248.625		0.514639
248.75		0.514639
248.875		0.514639
249		0.514639
249.125		0.516602
249.25		0.516602
249.375		0.516602
249.5		0.516602
249.625		0.516602
249.75		0.516602
249.875		0.516602
250		0.516602
250.125		0.516848
250.25		0.516848
250.375		0.516848
250.5		0.516848
250.625		0.516848
250.75		0.516848
250.875		0.516848
251		0.516848
251.125		0.521735
251.25		0.521735
251.375		0.521735
251.5		0.521735
251.625		0.521735
251.75		0.521735
251.875		0.521735
252		0.521735
252.125		0.524307
252.25		0.524307
252.375		0.524307
252.5		0.524307
252.625		0.524307
252.75		0.524307
252.875		0.524307
253		0.524307
253.125		0.524929
253.25		0.524929
253.375		0.524929
253.5		0.524929
253.625		0.524929
253.75		0.524929
253.875		0.524929
254		0.524929
254.125		0.526803
254.25		0.526803
254.375		0.526803
254.5		0.526803
254.625		0.526803
254.75		0.526803
254.875		0.526803
255		0.526803
255.125		0.528758
255.25		0.528758
255.375		0.528758
255.5		0.528758
255.625		0.528758
255.75		0.528758
255.875		0.528758
256		0.528758
256.125		0.531027
256.25		0.531027
256.375		0.531027
256.5		0.531027
256.625		0.531027
256.75		0.531027
256.875		0.531027
257		0.531027
257.125		0.53424
257.25		0.53424
257.375		0.53424
257.5		0.53424
257.625		0.53424
257.75		0.53424
257.875		0.53424
258		0.53424
258.125		0.537609
258.25		0.537609
258.375		0.537609
258.5		0.537609
258.625		0.537609
258.75		0.537609
258.875		0.537609
259		0.537609
259.125		0.538243
259.25		0.538243
259.375		0.538243
259.5		0.538243
259.625		0.538243
259.75		0.538243
259.875		0.538243
260		0.538243
260.125		0.540296
260.25		0.540296
260.375		0.540296
260.5		0.540296
260.625		0.540296
260.75		0.540296
260.875		0.540296
261		0.540296
261.125		0.541976
261.25		0.541976
261.375		0.541976
261.5		0.541976
261.625		0.541976
261.75		0.541976
261.875		0.541976
262		0.541976
262.125		0.545589
262.25		0.545589
262.375		0.545589
262.5		0.545589
262.625		0.545589
262.75		0.545589
262.875		0.545589
263		0.545589
263.125		0.548289
263.25		0.548289
263.375		0.548289
263.5		0.548289
263.625		0.548289
263.75		0.548289
263.875		0.548289
264		0.548289
264.125		0.549526
264.25		0.549526
264.375		0.549526
264.5		0.549526
264.625		0.549526
264.75		0.549526
264.875		0.549526
265		0.549526
265.125		0.551125
265.25		0.551125
265.375		0.551125
265.5		0.551125
265.625		0.551125
265.75		0.551125
265.875		0.551125
266		0.551125
266.125		0.554247
266.25		0.554247
266.375		0.554247
266.5		0.554247
266.625		0.554247
266.75		0.554247
266.875		0.554247
267		0.554247
267.125		0.556281
267.25		0.556281
267.375		0.556281
267.5		0.556281
267.625		0.556281
267.75		0.556281
267.875		0.556281
268		0.556281
268.125		0.557438
268.25		0.557438
268.375		0.557438
268.5		0.557438
268.625		0.557438
268.75		0.557438
268.875		0.557438
269		0.557438
269.125		0.558179
269.25		0.558179
269.375		0.558179
269.5		0.558179
269.625		0.558179
269.75		0.558179
269.875		0.558179
270		0.558179
270.125		0.563004
270.25		0.563004
270.375		0.563004
270.5		0.563004
270.625		0.563004
270.75		0.563004
270.875		0.563004
271		0.563004
271.125		0.564587
271.25		0.564587
271.375		0.564587
271.5		0.564587
271.625		0.564587
271.75		0.564587
271.875		0.564587
272		0.564587
272.125		0.566541
272.25		0.566541
272.375		0.566541
272.5		0.566541
272.625		0.566541
272.75		0.566541
272.875		0.566541
273		0.566541
273.125		0.566798
273.25		0.566798
273.375		0.566798
273.5		0.566798
273.625		0.566798
273.75		0.566798
273.875		0.566798
274		0.566798
274.125		0.570285
274.25		0.570285
274.375		0.570285
274.5		0.570285
274.625		0.570285
274.75		0.570285
274.875		0.570285
275		0.570285
275.125		0.573425
275.25		0.573425
275.375		0.573425
275.5		0.573425
275.625		0.573425
275.75		0.573425
275.875		0.573425
276		0.573425
276.125		0.575162
276.25		0.575162
276.375		0.575162
276.5		0.575162
276.625		0.575162
276.75		0.575162
276.875		0.575162
277		0.575162
277.125		0.577305
277.25		0.577305
277.375		0.577305
277.5		0.577305
277.625		0.577305
277.75		0.577305
277.875		0.577305
278		0.577305
278.125		0.577654
278.25		0.577654
278.375		0.577654
278.5		0.577654
278.625		0.577654
278.75		0.577654
278.875		0.577654
279		0.577654
279.125		0.581309
279.25		0.581309
279.375		0.581309
279.5		0.581309
279.625		0.581309
279.75		0.581309
279.875		0.581309
280		0.581309
280.125		0.584403
280.25		0.584403
280.375		0.584403
280.5		0.584403
280.625		0.584403
280.75		0.584403
280.875		0.584403
281		0.584403
281.125		0.585077
281.25		0.585077
281.375		0.585077
281.5		0.585077
281.625		0.585077
281.75		0.585077
281.875		0.585077
282		0.585077
282.125		0.588804
282.25		0.588804
282.375		0.588804
282.5		0.588804
282.625		0.588804
282.75		0.588804
282.875		0.588804
283		0.588804
283.125		0.593586
283.25		0.593586
283.375		0.593586
283.5		0.593586
283.625		0.593586
283.75		0.593586
283.875		0.593586
284		0.593586
284.125		0.594453
284.25		0.594453
284.375		0.594453
284.5		0.594453
284.625		0.594453
284.75		0.594453
284.875		0.594453
285		0.594453
285.125		0.597642
285.25		0.597642
285.375		0.597642
285.5		0.597642
285.625		0.597642
285.75		0.597642
285.875		0.597642
286		0.597642
286.125		0.599303
286.25		0.599303
286.375		0.599303
286.5		0.599303
286.625		0.599303
286.75		0.599303
286.875		0.599303
287		0.599303
287.125		0.602933
287.25		0.602933
287.375		0.602933
287.5		0.602933
287.625		0.602933
287.75		0.602933
287.875		0.602933
288		0.602933
288.125		0.604646
288.25		0.604646
288.375		0.604646
288.5		0.604646
288.625		0.604646
288.75		0.604646
288.875		0.604646
289		0.604646
289.125		0.606216
289.25		0.606216
289.375		0.606216
289.5		0.606216
289.625		0.606216
289.75		0.606216
289.875		0.606216
290		0.606216
290.125		0.609204
290.25		0.609204
290.375		0.609204
290.5		0.609204
290.625		0.609204
290.75		0.609204
290.875		0.609204
291		0.609204
291.125		0.611058
291.25		0.611058
291.375		0.611058
291.5		0.611058
291.625		0.611058
291.75		0.611058
291.875		0.611058
292		0.611058
292.125		0.612038
292.25		0.612038
292.375		0.612038
292.5		0.612038
292.625		0.612038
292.75		0.612038
292.875		0.612038
293		0.612038
293.125		0.614087
293.25		0.614087
293.375		0.614087
293.5		0.614087
293.625		0.614087
293.75		0.614087
293.875		0.614087
294		0.614087
294.125		0.617597
294.25		0.617597
294.375		0.617597
294.5		0.617597
294.625		0.617597
294.75		0.617597
294.875		0.617597
295		0.617597
295.125		0.619772
295.25		0.619772
295.375		0.619772
295.5		0.619772
295.625		0.619772
295.75		0.619772
295.875		0.619772
296		0.619772
296.125		0.620719
296.25		0.620719
296.375		0.620719
296.5		0.620719
296.625		0.620719
296.75		0.620719
296.875		0.620719
297		0.620719
297.125		0.625109
297.25		0.625109
297.375		0.625109
297.5		0.625109
297.625		0.625109
297.75		0.625109
297.875		0.625109
298		0.625109
298.125		0.627494
298.25		0.627494
298.375		0.627494
298.5		0.627494
298.625		0.627494
298.75		0.627494
298.875		0.627494
299		0.627494
299.125		0.628743
299.25		0.628743
299.375		0.628743
299.5		0.628743
299.625		0.628743
299.75		0.628743
299.875		0.628743
300		0.628743
300.125		0.630429
300.25		0.630429
300.375		0.630429
300.5		0.630429
300.625		0.630429
300.75		0.630429
300.875		0.630429
301		0.630429
301.125		0.63171
301.25		0.63171
301.375		0.63171
301.5		0.63171
301.625		0.63171
301.75		0.63171
301.875		0.63171
302		0.63171
302.125		0.633696
302.25		0.633696
302.375		0.633696
302.5		0.633696
302.625		0.633696
302.75		0.633696
302.875		0.633696
303		0.633696
303.125		0.636133
303.25		0.636133
303.375		0.636133
303.5		0.636133
303.625		0.636133
303.75		0.636133
303.875		0.636133
304		0.636133
304.125		0.641065
304.25		0.641065
304.375		0.641065
304.5		0.641065
304.625		0.641065
304.75		0.641065
304.875		0.641065
305		0.641065
305.125		0.641346
305.25		0.641346
305.375		0.641346
305.5		0.641346
305.625		0.641346
305.75		0.641346
305.875		0.641346
306		0.641346
306.125		0.642757
306.25		0.642757
306.375		0.642757
306.5		0.642757
306.625		0.642757
306.75		0.642757
306.875		0.642757
307		0.642757
307.125		0.643326
307.25		0.643326
307.375		0.643326
307.5		0.643326
307.625		0.643326
307.75		0.643326
307.875		0.643326
308		0.643326
308.125		0.646826
308.25		0.646826
308.375		0.646826
308.5		0.646826
308.625		0.646826
308.75		0.646826
308.875		0.646826
309		0.646826
309.125		0.650762
309.25		0.650762
309.375		0.650762
309.5		0.650762
309.625		0.650762
309.75		0.650762
309.875		0.650762
310		0.650762
310.125		0.651659
310.25		0.651659
310.375		0.651659
310.5		0.651659
310.625		0.651659
310.75		0.651659
310.875		0.651659
311		0.651659
311.125		0.652607
311.25		0.652607
311.375		0.652607
311.5		0.652607
311.625		0.652607
311.75		0.652607
311.875		0.652607
312		0.652607
312.125		0.656945
312.25		0.656945
312.375		0.656945
312.5		0.656945
312.625		0.656945
312.75		0.656945
312.875		0.656945
313		0.656945
313.125		0.658641
313.25		0.658641
313.375		0.658641
313.5		0.658641
313.625		0.658641
313.75		0.658641
313.875		0.658641
314		0.658641
314.125		0.661121
314.25		0.661121
314.375		0.661121
314.5		0.661121
314.625		0.661121
314.75		0.661121
314.875		0.661121
315		0.661121
315.125		0.66195
315.25		0.66195
315.375		0.66195
315.5		0.66195
315.625		0.66195
315.75		0.66195
315.875		0.66195
316		0.66195
316.125		0.664965
316.25		0.664965
316.375		0.664965
316.5		0.664965
316.625		0.664965
316.75		0.664965
316.875		0.664965
317		0.664965
317.125		0.66702
317.25		0.66702
317.375		0.66702
317.5		0.66702
317.625		0.66702
317.75		0.66702
317.875		0.66702
318		0.66702
318.125		0.671028
318.25		0.671028
318.375		0.671028
318.5		0.671028
318.625		0.671028
318.75		0.671028
318.875		0.671028
319		0.671028
319.125		0.671471
319.25		0.671471
319.375		0.671471
319.5		0.671471
319.625		0.671471
319.75		0.671471
319.875		0.671471
320		0.671471
320.125		0.673316
320.25		0.673316
320.375		0.673316
320.5		0.673316
320.625		0.673316
320.75		0.673316
320.875		0.673316
321		0.673316
321.125		0.67512
321.25		0.67512
321.375		0.67512
321.5		0.67512
321.625		0.67512
321.75		0.67512
321.875		0.67512
322		0.67512
322.125		0.678878
322.25		0.678878
322.375		0.678878
322.5		0.678878
322.625		0.678878
322.75		0.678878
322.875		0.678878
323		0.678878
323.125		0.682123
323.25		0.682123
323.375		0.682123
323.5		0.682123
323.625		0.682123
323.75		0.682123
323.875		0.682123
324		0.682123
324.125		0.68239
324.25		0.68239
324.375		0.68239
324.5		0.68239
324.625		0.68239
324.75		0.68239
324.875		0.68239
325		0.68239
325.125		0.683933
325.25		0.683933
325.375		0.683933
325.5		0.683933
325.625		0.683933
325.75		0.683933
325.875		0.683933
326		0.683933
326.125		0.688932
326.25		0.688932
326.375		0.688932
326.5		0.688932
326.625		0.688932
326.75		0.688932
326.875		0.688932
327		0.688932
327.125		0.690118
327.25		0.690118
327.375		0.690118
327.5		0.690118
327.625		0.690118
327.75		0.690118
327.875		0.690118
328		0.690118
328.125		0.690637
328.25		0.690637
328.375		0.690637
328.5		0.690637
328.625		0.690637
328.75		0.690637
328.875		0.690637
329		0.690637
329.125		0.693305
329.25		0.693305
329.375		0.693305
329.5		0.693305
329.625		0.693305
329.75		0.693305
329.875		0.693305
330		0.693305
330.125		0.698194
330.25		0.698194
330.375		0.698194
330.5		0.698194
330.625		0.698194
330.75		0.698194
330.875		0.698194
331		0.698194
331.125		0.699364
331.25		0.699364
331.375		0.699364
331.5		0.699364
331.625		0.699364
331.75		0.699364
331.875		0.699364
332		0.699364
332.125		0.699855
332.25		0.699855
332.375		0.699855
332.5		0.699855
332.625		0.699855
332.75		0.699855
332.875		0.699855
333		0.699855
333.125		0.701572
333.25		0.701572
333.375		0.701572
333.5		0.701572
333.625		0.701572
333.75		0.701572
333.875		0.701572
334		0.701572
334.125		0.705937
334.25		0.705937
334.375		0.705937
334.5		0.705937
334.625		0.705937
334.75		0.705937
334.875		0.705937
335		0.705937
335.125		0.706578
335.25		0.706578
335.375		0.706578
335.5		0.706578
335.625		0.706578
335.75		0.706578
335.875		0.706578
336		0.706578
336.125		0.707327
336.25		0.707327
336.375		0.707327
336.5		0.707327
336.625		0.707327
336.75		0.707327
336.875		0.707327
337		0.707327
337.125		0.710734
337.25		0.710734
337.375		0.710734
337.5		0.710734
337.625		0.710734
337.75		0.710734
337.875		0.710734
338		0.710734
338.125		0.714129
338.25		0.714129
338.375		0.714129
338.5		0.714129
338.625		0.714129
338.75		0.714129
338.875		0.714129
339		0.714129
339.125		0.715888
339.25		0.715888
339.375		0.715888
339.5		0.715888
339.625		0.715888
339.75		0.715888
339.875		0.715888
340		0.715888
340.125		0.716539
340.25		0.716539
340.375		0.716539
340.5		0.716539
340.625		0.716539
340.75		0.716539
340.875		0.716539
341		0.716539
341.125		0.716926
341.25		0.716926
341.375		0.716926
341.5		0.716926
341.625		0.716926
341.75		0.716926
341.875		0.716926
342		0.716926
342.125		0.724456
342.25		0.724456
342.375		0.724456
342.5		0.724456
342.625		0.724456
342.75		0.724456
342.875		0.724456
343		0.724456
343.125		0.725042
343.25		0.725042
343.375		0.725042
343.5		0.725042
343.625		0.725042
343.75		0.725042
343.875		0.725042
344		0.725042
344.125		0.727914
344.25		0.727914
344.375		0.727914
344.5		0.727914
344.625		0.727914
344.75		0.727914
344.875		0.727914
345		0.727914
345.125		0.731355
345.25		0.731355
345.375		0.731355
345.5		0.731355
345.625		0.731355
345.75		0.731355
345.875		0.731355
346		0.731355
346.125		0.733081
346.25		0.733081
346.375		0.733081
346.5		0.733081
346.625		0.733081
346.75		0.733081
346.875		0.733081
347		0.733081
347.125		0.73362
347.25		0.73362
347.375		0.73362
347.5		0.73362
347.625		0.73362
347.75		0.73362
347.875		0.73362
348		0.73362
348.125		0.737582
348.25		0.737582
348.375		0.737582
348.5		0.737582
348.625		0.737582
348.75		0.737582
348.875		0.737582
349		0.737582
349.125		0.740498
349.25		0.740498
349.375		0.740498
349.5		0.740498
349.625		0.740498
349.75		0.740498
349.875		0.740498
350		0.740498
350.125		0.741743
350.25		0.741743
350.375		0.741743
350.5		0.741743
350.625		0.741743
350.75		0.741743
350.875		0.741743
351		0.741743
351.125		0.746301
351.25		0.746301
351.375		0.746301
351.5		0.746301
351.625		0.746301
351.75		0.746301
351.875		0.746301
352		0.746301
352.125		0.746523
352.25		0.746523
352.375		0.746523
352.5		0.746523
352.625		0.746523
352.75		0.746523
352.875		0.746523
353		0.746523
353.125		0.746779
353.25		0.746779
353.375		0.746779
353.5		0.746779
353.625		0.746779
353.75		0.746779
353.875		0.746779
354		0.746779
354.125		0.750258
354.25		0.750258
354.375		0.750258
354.5		0.750258
354.625		0.750258
354.75		0.750258
354.875		0.750258
355		0.750258
355.125		0.752156
355.25		0.752156
355.375		0.752156
355.5		0.752156
355.625		0.752156
355.75		0.752156
355.875		0.752156
356		0.752156
356.125		0.753319
356.25		0.753319
356.375		0.753319
356.5		0.753319
356.625		0.753319
356.75		0.753319
356.875		0.753319
357		0.753319
357.125		0.755979
357.25		0.755979
357.375		0.755979
357.5		0.755979
357.625		0.755979
357.75		0.755979
357.875		0.755979
358		0.755979
358.125		0.757885
358.25		0.757885
358.375		0.757885
358.5		0.757885
358.625		0.757885
358.75		0.757885
358.875		0.757885
359		0.757885
359.125		0.759107
359.25		0.759107
359.375		0.759107
359.5		0.759107
359.625		0.759107
359.75		0.759107
359.875		0.759107
360		0.759107
360.125		0.761009
360.25		0.761009
360.375		0.761009
360.5		0.761009
360.625		0.761009
360.75		0.761009
360.875		0.761009
361		0.761009
361.125		0.765089
361.25		0.765089
361.375		0.765089
361.5		0.765089
361.625		0.765089
361.75		0.765089
361.875		0.765089
362		0.765089
362.125		0.767893
362.25		0.767893
362.375		0.767893
362.5		0.767893
362.625		0.767893
362.75		0.767893
362.875		0.767893
363		0.767893
363.125		0.769002
363.25		0.769002
363.375		0.769002
363.5		0.769002
363.625		0.769002
363.75		0.769002
363.875		0.769002
364		0.769002
364.125		0.770253
364.25		0.770253
364.375		0.770253
364.5		0.770253
364.625		0.770253
364.75		0.770253
364.875		0.770253
365		0.770253
365.125		0.773778
365.25		0.773778
365.375		0.773778
365.5		0.773778
365.625		0.773778
365.75		0.773778
365.875		0.773778
366		0.773778
366.125		0.774164
366.25		0.774164
366.375		0.774164
366.5		0.774164
366.625		0.774164
366.75		0.774164
366.875		0.774164
367		0.774164
367.125		0.779327
367.25		0.779327
367.375		0.779327
367.5		0.779327
367.625		0.779327
367.75		0.779327
367.875		0.779327
368		0.779327
368.125		0.779627
368.25		0.779627
368.375		0.779627
368.5		0.779627
368.625		0.779627
368.75		0.779627
368.875		0.779627
369		0.779627
369.125		0.780127
369.25		0.780127
369.375		0.780127
369.5		0.780127
369.625		0.780127
369.75		0.780127
369.875		0.780127
370		0.780127
370.125		0.785539
370.25		0.785539
370.375		0.785539
370.5		0.785539
370.625		0.785539
370.75		0.785539
370.875		0.785539
371		0.785539
371.125		0.785783
371.25		0.785783
371.375		0.785783
371.5		0.785783
371.625		0.785783
371.75		0.785783
371.875		0.785783
372		0.785783
372.125		0.786014
372.25		0.786014
372.375		0.786014
372.5		0.786014
372.625		0.786014
372.75		0.786014
372.875		0.786014
373		0.786014
373.125		0.790032
373.25		0.790032
373.375		0.790032
373.5		0.790032
373.625		0.790032
373.75		0.790032
373.875		0.790032
374		0.790032
374.125		0.794756
374.25		0.794756
374.375		0.794756
374.5		0.794756
374.625		0.794756
374.75		0.794756
374.875		0.794756
375		0.794756
375.125		0.796185
375.25		0.796185
375.375		0.796185
375.5		0.796185
375.625		0.796185
375.75		0.796185
375.875		0.796185
376		0.796185
376.125		0.796462
376.25		0.796462
376.375		0.796462
376.5		0.796462
376.625		0.796462
376.75		0.796462
376.875		0.796462
377		0.796462
377.125		0.797115
377.25		0.797115
377.375		0.797115
377.5		0.797115
377.625		0.797115
377.75		0.797115
377.875		0.797115
378		0.797115
378.125		0.801171
378.25		0.801171
378.375		0.801171
378.5		0.801171
378.625		0.801171
378.75		0.801171
378.875		0.801171
379		0.801171
379.125		0.802078
379.25		0.802078
379.375		0.802078
379.5		0.802078
379.625		0.802078
379.75		0.802078
379.875		0.802078
380		0.802078
380.125		0.804382
380.25		0.804382
380.375		0.804382
380.5		0.804382
380.625		0.804382
380.75		0.804382
380.875		0.804382
381		0.804382
381.125		0.807291
381.25		0.807291
381.375		0.807291
381.5		0.807291
381.625		0.807291
381.75		0.807291
381.875		0.807291
382		0.807291
382.125		0.809328
382.25		0.809328
382.375		0.809328
382.5		0.809328
382.625		0.809328
382.75		0.809328
382.875		0.809328
383		0.809328
383.125		0.812026
383.25		0.812026
383.375		0.812026
383.5		0.812026
383.625		0.812026
383.75		0.812026
383.875		0.812026
384		0.812026
384.125		0.813728
384.25		0.813728
384.375		0.813728
384.5		0.813728
384.625		0.813728
384.75		0.813728
384.875		0.813728
385		0.813728
385.125		0.815431
385.25		0.815431
385.375		0.815431
385.5		0.815431
385.625		0.815431
385.75		0.815431
385.875		0.815431
386		0.815431
386.125		0.816388
386.25		0.816388
386.375		0.816388
386.5		0.816388
386.625		0.816388
386.75		0.816388
386.875		0.816388
387		0.816388
387.125		0.821397
387.25		0.821397
387.375		0.821397
387.5		0.821397
387.625		0.821397
387.75		0.821397
387.875		0.821397
388		0.821397
388.125		0.821937
388.25		0.821937
388.375		0.821937
388.5		0.821937
388.625		0.821937
388.75		0.821937
388.875		0.821937
389		0.821937
389.125		0.823793
389.25		0.823793
389.375		0.823793
389.5		0.823793
389.625		0.823793
389.75		0.823793
389.875		0.823793
390		0.823793
390.125		0.825945
390.25		0.825945
390.375		0.825945
390.5		0.825945
390.625		0.825945
390.75		0.825945
390.875		0.825945
391		0.825945
391.125		0.827458
391.25		0.827458
391.375		0.827458
391.5		0.827458
391.625		0.827458
391.75		0.827458
391.875		0.827458
392		0.827458
392.125		0.830339
392.25		0.830339
392.375		0.830339
392.5		0.830339
392.625		0.830339
392.75		0.830339
392.875		0.830339
393		0.830339
393.125		0.832163
393.25		0.832163
393.375		0.832163
393.5		0.832163
393.625		0.832163
393.75		0.832163
393.875		0.832163
394		0.832163
394.125		0.832682
394.25		0.832682
394.375		0.832682
394.5		0.832682
394.625		0.832682
394.75		0.832682
394.875		0.832682
395		0.832682
395.125		0.836652
395.25		0.836652
395.375		0.836652
395.5		0.836652
395.625		0.836652
395.75		0.836652
395.875		0.836652
396		0.836652
396.125		0.83809
396.25		0.83809
396.375		0.83809
396.5		0.83809
396.625		0.83809
396.75		0.83809
396.875		0.83809
397		0.83809
397.125		0.840542
397.25		0.840542
397.375		0.840542
397.5		0.840542
397.625		0.840542
397.75		0.840542
397.875		0.840542
398		0.840542
398.125		0.842245
398.25		0.842245
398.375		0.842245
398.5		0.842245
398.625		0.842245
398.75		0.842245
398.875		0.842245
399		0.842245
399.125		0.842513
399.25		0.842513
399.375		0.842513
399.5		0.842513
399.625		0.842513
399.75		0.842513
399.875		0.842513
400		0.842513
400.125		0.847183
400.25		0.847183
400.375		0.847183
400.5		0.847183
400.625		0.847183
400.75		0.847183
400.875		0.847183
401		0.847183
401.125		0.849559
401.25		0.849559
401.375		0.849559
401.5		0.849559
401.625		0.849559
401.75		0.849559
401.875		0.849559
402		0.849559
402.125		0.850176
402.25		0.850176
402.375		0.850176
402.5		0.850176
402.625		0.850176
402.75		0.850176
402.875		0.850176
403		0.850176
403.125		0.851442
403.25		0.851442
403.375		0.851442
403.5		0.851442
403.625		0.851442
403.75		0.851442
403.875		0.851442
404		0.851442
404.125		0.857382
404.25		0.857382
404.375		0.857382
404.5		0.857382
404.625		0.857382
404.75		0.857382
404.875		0.857382
405		0.857382
405.125		0.859032
405.25		0.859032
405.375		0.859032
405.5		0.859032
405.625		0.859032
405.75		0.859032
405.875		0.859032
406		0.859032
406.125		0.859319
406.25		0.859319
406.375		0.859319
406.5		0.859319
406.625		0.859319
406.75		0.859319
406.875		0.859319
407		0.859319
407.125		0.859764
407.25		0.859764
407.375		0.859764
407.5		0.859764
407.625		0.859764
407.75		0.859764
407.875		0.859764
408		0.859764
408.125		0.86614
408.25		0.86614
408.375		0.86614
408.5		0.86614
408.625		0.86614
408.75		0.86614
408.875		0.86614
409		0.86614
409.125		0.868752
409.25		0.868752
409.375		0.868752
409.5		0.868752
409.625		0.868752
409.75		0.868752
409.875		0.868752
410		0.868752
410.125		0.86914
410.25		0.86914
410.375		0.86914
410.5		0.86914
410.625		0.86914
410.75		0.86914
410.875		0.86914
411		0.86914
411.125		0.871326
411.25		0.871326
411.375		0.871326
411.5		0.871326
411.625		0.871326
411.75		0.871326
411.875		0.871326
412		0.871326
412.125		0.873812
412.25		0.873812
412.375		0.873812
412.5		0.873812
412.625		0.873812
412.75		0.873812
412.875		0.873812
413		0.873812
413.125		0.877442
413.25		0.877442
413.375		0.877442
413.5		0.877442
413.625		0.877442
413.75		0.877442
413.875		0.877442
414		0.877442
414.125		0.878773
414.25		0.878773
414.375		0.878773
414.5		0.878773
414.625		0.878773
414.75		0.878773
414.875		0.878773
415		0.878773
415.125		0.879724
415.25		0.879724
415.375		0.879724
415.5		0.879724
415.625		0.879724
415.75		0.879724
415.875		0.879724
416		0.879724
416.125		0.883767
416.25		0.883767
416.375		0.883767
416.5		0.883767
416.625		0.883767
416.75		0.883767
416.875		0.883767
417		0.883767
417.125		0.884378
417.25		0.884378
417.375		0.884378
417.5		0.884378
417.625		0.884378
417.75		0.884378
417.875		0.884378
418		0.884378
418.125		0.888567
418.25		0.888567
418.375		0.888567
418.5		0.888567
418.625		0.888567
418.75		0.888567
418.875		0.888567
419		0.888567
419.125		0.89121
419.25		0.89121
419.375		0.89121
419.5		0.89121
419.625		0.89121
419.75		0.89121
419.875		0.89121
420		0.89121
420.125		0.891529
420.25		0.891529
420.375		0.891529
420.5		0.891529
420.625		0.891529
420.75		0.891529
420.875		0.891529
421		0.891529
421.125		0.89489
421.25		0.89489
421.375		0.89489
421.5		0.89489
421.625		0.89489
421.75		0.89489
421.875		0.89489
422		0.89489
422.125		0.897407
422.25		0.897407
422.375		0.897407
422.5		0.897407
422.625		0.897407
422.75		0.897407
422.875		0.897407
423		0.897407
423.125		0.898887
423.25		0.898887
423.375		0.898887
423.5		0.898887
423.625		0.898887
423.75		0.898887
423.875		0.898887
424		0.898887
424.125		0.900659
424.25		0.900659
424.375		0.900659
424.5		0.900659
424.625		0.900659
424.75		0.900659
424.875		0.900659
425		0.900659
425.125		0.90233
425.25		0.90233
425.375		0.90233
425.5		0.90233
425.625		0.90233
425.75		0.90233
425.875		0.90233
426		0.90233
426.125		0.905988
426.25		0.905988
426.375		0.905988
426.5		0.905988
426.625		0.905988
426.75		0.905988
426.875		0.905988
427		0.905988
427.125		0.907801
427.25		0.907801
427.375		0.907801
427.5		0.907801
427.625		0.907801
427.75		0.907801
427.875		0.907801
428		0.907801
428.125		0.908331
428.25		0.908331
428.375		0.908331
428.5		0.908331
428.625		0.908331
428.75		0.908331
428.875		0.908331
429		0.908331
429.125		0.909863
429.25		0.909863
429.375		0.909863
429.5		0.909863
429.625		0.909863
429.75		0.909863
429.875		0.909863
430		0.909863
430.125		0.915769
430.25		0.915769
430.375		0.915769
430.5		0.915769
430.625		0.915769
430.75		0.915769
430.875		0.915769
431		0.915769
431.125		0.916919
431.25		0.916919
431.375		0.916919
431.5		0.916919
431.625		0.916919
431.75		0.916919
431.875		0.916919
432		0.916919
432.125		0.91874
432.25		0.91874
432.375		0.91874
432.5		0.91874
432.625		0.91874
432.75		0.91874
432.875		0.91874
433		0.91874
433.125		0.91943
433.25		0.91943
433.375		0.91943
433.5		0.91943
433.625		0.91943
433.75		0.91943
433.875		0.91943
434		0.91943
434.125		0.923912
434.25		0.923912
434.375		0.923912
434.5		0.923912
434.625		0.923912
434.75		0.923912
434.875		0.923912
435		0.923912
435.125		0.924866
435.25		0.924866
435.375		0.924866
435.5		0.924866
435.625		0.924866
435.75		0.924866
435.875		0.924866
436		0.924866
436.125		0.927649
436.25		0.927649
436.375		0.927649
436.5		0.927649
436.625		0.927649
436.75		0.927649
436.875		0.927649
437		0.927649
437.125		0.928634
437.25		0.928634
437.375		0.928634
437.5		0.928634
437.625		0.928634
437.75		0.928634
437.875		0.928634
438		0.928634
438.125		0.931466
438.25		0.931466
438.375		0.931466
438.5		0.931466
438.625		0.931466
438.75		0.931466
438.875		0.931466
439		0.931466
439.125		0.936184
439.25		0.936184
439.375		0.936184
439.5		0.936184
439.625		0.936184
439.75		0.936184
439.875		0.936184
440		0.936184
440.125		0.936813
440.25		0.936813
440.375		0.936813
440.5		0.936813
440.625		0.936813
440.75		0.936813
440.875		0.936813
441		0.936813
441.125		0.937882
441.25		0.937882
441.375		0.937882
441.5		0.937882
441.625		0.937882
441.75		0.937882
441.875		0.937882
442		0.937882
442.125		0.939698
442.25		0.939698
442.375		0.939698
442.5		0.939698
442.625		0.939698
442.75		0.939698
442.875		0.939698
443		0.939698
443.125		0.944562
443.25		0.944562
443.375		0.944562
443.5		0.944562
443.625		0.944562
443.75		0.944562
443.875		0.944562
444		0.944562
444.125		0.946544
444.25		0.946544
444.375		0.946544
444.5		0.946544
444.625		0.946544
444.75		0.946544
444.875		0.946544
445		0.946544
445.125		0.947712
445.25		0.947712
445.375		0.947712
445.5		0.947712
445.625		0.947712
445.75		0.947712
445.875		0.947712
446		0.947712
446.125		0.949175
446.25		0.949175
446.375		0.949175
446.5		0.949175
446.625		0.949175
446.75		0.949175
446.875		0.949175
447		0.949175
447.125		0.950869
447.25		0.950869
447.375		0.950869
447.5		0.950869
447.625		0.950869
447.75		0.950869
447.875		0.950869
448		0.950869
448.125		0.95582
448.25		0.95582
448.375		0.95582
448.5		0.95582
448.625		0.95582
448.75		0.95582
448.875		0.95582
449		0.95582
449.125		0.956128
449.25		0.956128
449.375		0.956128
449.5		0.956128
449.625		0.956128
449.75		0.956128
449.875		0.956128
450		0.956128
450.125		0.960491
450.25		0.960491
450.375		0.960491
450.5		0.960491
450.625		0.960491
450.75		0.960491
450.875		0.960491
451		0.960491
451.125		0.96077
451.25		0.96077
451.375		0.96077
451.5		0.96077
451.625		0.96077
451.75		0.96077
451.875		0.96077
452		0.96077
452.125		0.965458
452.25		0.965458
452.375		0.965458
452.5		0.965458
452.625		0.965458
452.75		0.965458
452.875		0.965458
453		0.965458
453.125		0.966819
453.25		0.966819
453.375		0.966819
453.5		0.966819
453.625		0.966819
453.75		0.966819
453.875		0.966819
454		0.966819
454.125		0.967068
454.25		0.967068
454.375		0.967068
454.5		0.967068
454.625		0.967068
454.75		0.967068
454.875		0.967068
455		0.967068
455.125		0.968639
455.25		0.968639
455.375		0.968639
455.5		0.968639
455.625		0.968639
455.75		0.968639
455.875		0.968639
456		0.968639
456.125		0.972726
456.25		0.972726
456.375		0.972726
456.5		0.972726
456.625		0.972726
456.75		0.972726
456.875		0.972726
457		0.972726
457.125		0.974435
457.25		0.974435
457.375		0.974435
457.5		0.974435
457.625		0.974435
457.75		0.974435
457.875		0.974435
458		0.974435
458.125		0.975899
458.25		0.975899
458.375		0.975899
458.5		0.975899
458.625		0.975899
458.75		0.975899
458.875		0.975899
459		0.975899
459.125		0.979253
459.25		0.979253
459.375		0.979253
459.5		0.979253
459.625		0.979253
459.75		0.979253
459.875		0.979253
460		0.979253
460.125		0.981945
460.25		0.981945
460.375		0.981945
460.5		0.981945
460.625		0.981945
460.75		0.981945
460.875		0.981945
461		0.981945
461.125		0.984513
461.25		0.984513
461.375		0.984513
461.5		0.984513
461.625		0.984513
461.75		0.984513
461.875		0.984513
462		0.984513
462.125		0.984905
462.25		0.984905
462.375		0.984905
462.5		0.984905
462.625		0.984905
462.75		0.984905
462.875		0.984905
463		0.984905
463.125		0.987154
463.25		0.987154
463.375		0.987154
463.5		0.987154
463.625		0.987154
463.75		0.987154
463.875		0.987154
464		0.987154
464.125		0.989671
464.25		0.989671
464.375		0.989671
464.5		0.989671
464.625		0.989671
464.75		0.989671
464.875		0.989671
465		0.989671
465.125		0.991048
465.25		0.991048
465.375		0.991048
465.5		0.991048
465.625		0.991048
465.75		0.991048
465.875		0.991048
466		0.991048
466.125		0.99303
466.25		0.99303
466.375		0.99303
466.5		0.99303
466.625		0.99303
466.75		0.99303
466.875		0.99303
467		0.99303
467.125		0.995908
467.25		0.995908
467.375		0.995908
467.5		0.995908
467.625		0.995908
467.75		0.995908
467.875		0.995908
468		0.995908
468.125		0.99877
468.25		0.99877
468.375		0.99877
468.5		0.99877
468.625		0.99877
468.75		0.99877
468.875		0.99877
469		0.99877
469.125		0.999425
469.25		0.999425
469.375		0.999425
469.5		0.999425
469.625		0.999425
469.75		0.999425
469.875		0.999425
470		0.999425
470.125		0.999975
470.25		0.999975
470.375		0.999975
470.5		0.999975
470.625		0.999975
470.75		0.999975
470.875		0.999975
471		0.999975
471.125		1
471.25		1
471.375		1
471.5		1
471.625		1
471.75		1
471.875		1
472		1
472.125		1
472.25		1
472.375		1
472.5		1
472.625		1
472.75		1
472.875		1
473		1
473.125		1
473.25		1
473.375		1
473.5		1
473.625		1
473.75		1
473.875		1
474		1
474.125		1
474.25		1
474.375		1
474.5		1
474.625		1
474.75		1
474.875		1
475		1
475.125		1
475.25		1
475.375		1
475.5		1
475.625		1
475.75		1
475.875		1
476		1
476.125		1
476.25		1
476.375		1
476.5		1
476.625		1
476.75		1
476.875		1
477		1
477.125		1
477.25		1
477.375		1
477.5		1
477.625		1
477.75		1
477.875		1
478		1
478.125		1
478.25		1
478.375		1
478.5		1
478.625		1
478.75		1
478.875		1
479		1
479.125		1
479.25		1
479.375		1
479.5		1
479.625		1
479.75		1
479.875		1
480		1
480.125		1
480.25		1
480.375		1
480.5		1
480.625		1
480.75		1
480.875		1
481		1
481.125		1
481.25		1
481.375		1
481.5		1
481.625		1
481.75		1
481.875		1
482		1
482.125		1
482.25		1
482.375		1
482.5		1
482.625		1
482.75		1
482.875		1
483		1
483.125		1
483.25		1
483.375		1
483.5		1
483.625		1
483.75		1
483.875		1
484		1
484.125		1
484.25		1
484.375		1
484.5		1
484.625		1
484.75		1
484.875		1
485		1
485.125		1
485.25		1
485.375		1
485.5		1
485.625		1
485.75		1
485.875		1
486		1
486.125		1
486.25		1
486.375		1
486.5		1
486.625		1
486.75		1
486.875		1
487		1
487.125		1
487.25		1
487.375		1
487.5		1
487.625		1
487.75		1
487.875		1
488		1
488.125		1
488.25		1
488.375		1
488.5		1
488.625		1
488.75		1
488.875		1
489		1
489.125		1
489.25		1
489.375		1
489.5		1
489.625		1
489.75		1
489.875		1
490		1
490.125		1
490.25		1
490.375		1
490.5		1
490.625		1
490.75		1
490.875		1
491		1
491.125		1
491.25		1
491.375		1
491.5		1
491.625		1
491.75		1
491.875		1
492		1
492.125		1
492.25		1
492.375		1
492.5		1
492.625		1
492.75		1
492.875		1
493		1
493.125		1
493.25		1
493.375		1
493.5		1
493.625		1
493.75		1
493.875		1
494		1
494.125		1
494.25		1
494.375		1
494.5		1
494.625		1
494.75		1
494.875		1
495		1
495.125		1
495.25		1
495.375		1
495.5		1
495.625		1
495.75		1
495.875		1
496		1
496.125		1
496.25		1
496.375		1
496.5		1
496.625		1
496.75		1
496.875		1
497		1
497.125		1
497.25		1
497.375		1
497.5		1
497.625		1
497.75		1
497.875		1
498		1
498.125		1
498.25		1
498.375		1
498.5		1
498.625		1
498.75		1
498.875		1
499		1
499.125		1
499.25		1
499.375		1
499.5		1
499.625		1
499.75		1
499.875		1
500		1
