# Calibration file of tamex_id 1 @ channel 3
# fine_T bin		 Calibration value
1		0
2		0
3		0
4		0
5		0
6		0
7		0
8		0
9		0
10		0
11		0
12		0
13		0
14		0
15		0
16		0
17		0
18		0.00558599
19		0.0079493
20		0.00945322
21		0.0114943
22		0.0147169
23		0.0171877
24		0.0175099
25		0.0185842
26		0.0222365
27		0.0250295
28		0.0268557
29		0.0275003
30		0.0291116
31		0.0338382
32		0.0344828
33		0.0357718
34		0.0366312
35		0.0421098
36		0.0426469
37		0.0430766
38		0.0445805
39		0.0471587
40		0.049522
41		0.0525298
42		0.0532818
43		0.0570416
44		0.0582232
45		0.0585455
46		0.0615533
47		0.0644538
48		0.065528
49		0.0681061
50		0.0698249
51		0.073155
52		0.075948
53		0.0769148
54		0.0786336
55		0.0813192
56		0.082286
57		0.083575
58		0.0874423
59		0.0879794
60		0.0910946
61		0.0932431
62		0.0944248
63		0.0944248
64		0.0991514
65		0.100763
66		0.101837
67		0.102696
68		0.104308
69		0.108605
70		0.109894
71		0.110216
72		0.112579
73		0.114835
74		0.117413
75		0.118702
76		0.119991
77		0.123107
78		0.126007
79		0.126652
80		0.129767
81		0.133097
82		0.136212
83		0.137824
84		0.139435
85		0.14298
86		0.147277
87		0.148244
88		0.150177
89		0.151574
90		0.15383
91		0.155441
92		0.158771
93		0.160382
94		0.16092
95		0.163283
96		0.165646
97		0.165968
98		0.169299
99		0.172306
100		0.172736
101		0.175099
102		0.177033
103		0.179933
104		0.183264
105		0.184123
106		0.184553
107		0.188527
108		0.189064
109		0.191857
110		0.192609
111		0.197443
112		0.198732
113		0.200988
114		0.201311
115		0.204748
116		0.205822
117		0.2084
118		0.210442
119		0.211086
120		0.213557
121		0.215276
122		0.216457
123		0.218713
124		0.220324
125		0.226018
126		0.226662
127		0.227737
128		0.229133
129		0.234397
130		0.237727
131		0.238801
132		0.240305
133		0.245032
134		0.246428
135		0.249006
136		0.25051
137		0.256311
138		0.256848
139		0.257815
140		0.258889
141		0.26136
142		0.266194
143		0.266731
144		0.26845
145		0.270276
146		0.271995
147		0.27554
148		0.277366
149		0.280052
150		0.282737
151		0.283059
152		0.284134
153		0.285638
154		0.287893
155		0.290579
156		0.292083
157		0.294017
158		0.294339
159		0.294876
160		0.299065
161		0.300354
162		0.302073
163		0.305081
164		0.305511
165		0.307337
166		0.31056
167		0.314857
168		0.315286
169		0.316146
170		0.318187
171		0.323558
172		0.324847
173		0.326243
174		0.326995
175		0.331722
176		0.33473
177		0.334945
178		0.336556
179		0.34139
180		0.341712
181		0.342357
182		0.344828
183		0.349125
184		0.351166
185		0.35181
186		0.35224
187		0.353421
188		0.357933
189		0.359759
190		0.361156
191		0.363089
192		0.363949
193		0.366527
194		0.370717
195		0.373939
196		0.374476
197		0.377699
198		0.378558
199		0.379203
200		0.381029
201		0.384896
202		0.385111
203		0.38683
204		0.389193
205		0.39306
206		0.395102
207		0.395639
208		0.395853
209		0.401225
210		0.401439
211		0.401869
212		0.403695
213		0.410033
214		0.411108
215		0.412074
216		0.412397
217		0.417123
218		0.418197
219		0.418735
220		0.420453
221		0.424213
222		0.426791
223		0.427866
224		0.428295
225		0.430981
226		0.435278
227		0.436244
228		0.439037
229		0.440004
230		0.442368
231		0.443227
232		0.444623
233		0.44645
234		0.44892
235		0.452358
236		0.452788
237		0.45311
238		0.454614
239		0.460522
240		0.461059
241		0.463208
242		0.464389
243		0.468257
244		0.469223
245		0.470835
246		0.472124
247		0.476313
248		0.477173
249		0.47728
250		0.479321
251		0.479643
252		0.484477
253		0.485659
254		0.486411
255		0.488022
256		0.49103
257		0.493501
258		0.496079
259		0.497476
260		0.498657
261		0.502095
262		0.504028
263		0.504243
264		0.504888
265		0.511548
266		0.514341
267		0.516597
268		0.517564
269		0.521109
270		0.522183
271		0.523472
272		0.525728
273		0.52981
274		0.531958
275		0.534107
276		0.535503
277		0.536685
278		0.541626
279		0.543453
280		0.545494
281		0.546998
282		0.548716
283		0.552584
284		0.554947
285		0.558492
286		0.561392
287		0.562359
288		0.565582
289		0.566119
290		0.571383
291		0.572994
292		0.574605
293		0.574605
294		0.575787
295		0.578902
296		0.581158
297		0.585348
298		0.588248
299		0.589107
300		0.592008
301		0.593189
302		0.596734
303		0.597916
304		0.601998
305		0.602643
306		0.604576
307		0.606832
308		0.607477
309		0.60984
310		0.610699
311		0.613815
312		0.617037
313		0.618863
314		0.61983
315		0.620905
316		0.624127
317		0.625631
318		0.628317
319		0.629606
320		0.63025
321		0.633795
322		0.635084
323		0.63734
324		0.638952
325		0.642497
326		0.644323
327		0.645075
328		0.647223
329		0.649909
330		0.652379
331		0.653239
332		0.655817
333		0.657321
334		0.658288
335		0.659792
336		0.660221
337		0.664411
338		0.665163
339		0.668708
340		0.673219
341		0.674401
342		0.67945
343		0.682888
344		0.683854
345		0.684499
346		0.687399
347		0.691481
348		0.693415
349		0.694811
350		0.695993
351		0.69696
352		0.698894
353		0.702976
354		0.703835
355		0.704694
356		0.710173
357		0.713825
358		0.714577
359		0.718122
360		0.719304
361		0.721238
362		0.725105
363		0.726716
364		0.727575
365		0.730368
366		0.731013
367		0.733161
368		0.737136
369		0.741218
370		0.742078
371		0.742292
372		0.744441
373		0.748308
374		0.748953
375		0.750779
376		0.751746
377		0.755935
378		0.756902
379		0.757869
380		0.758621
381		0.762918
382		0.767107
383		0.770008
384		0.770545
385		0.771941
386		0.776345
387		0.777205
388		0.778172
389		0.77989
390		0.781609
391		0.784187
392		0.785799
393		0.787303
394		0.787625
395		0.792996
396		0.794178
397		0.795467
398		0.796971
399		0.799979
400		0.80202
401		0.803631
402		0.805242
403		0.809002
404		0.809647
405		0.812117
406		0.813192
407		0.817166
408		0.819422
409		0.820711
410		0.821248
411		0.824041
412		0.826834
413		0.827049
414		0.831453
415		0.831561
416		0.83242
417		0.835858
418		0.837362
419		0.839295
420		0.841121
421		0.845741
422		0.846707
423		0.847352
424		0.85036
425		0.854549
426		0.855624
427		0.856698
428		0.856913
429		0.861962
430		0.862928
431		0.86368
432		0.865184
433		0.870018
434		0.872382
435		0.873778
436		0.873993
437		0.876786
438		0.879471
439		0.882694
440		0.884306
441		0.885702
442		0.888065
443		0.890751
444		0.891825
445		0.893436
446		0.896337
447		0.899237
448		0.900097
449		0.901708
450		0.903105
451		0.909657
452		0.911376
453		0.912343
454		0.913954
455		0.917929
456		0.919433
457		0.920722
458		0.924804
459		0.927597
460		0.929208
461		0.930927
462		0.932109
463		0.934902
464		0.935761
465		0.938124
466		0.939951
467		0.942958
468		0.944677
469		0.945429
470		0.948437
471		0.949726
472		0.951123
473		0.952626
474		0.956064
475		0.957353
476		0.960254
477		0.963906
478		0.964658
479		0.966914
480		0.967773
481		0.971748
482		0.972822
483		0.974004
484		0.974863
485		0.980879
486		0.981308
487		0.983242
488		0.984746
489		0.987754
490		0.988183
491		0.991299
492		0.994521
493		0.996777
494		0.997959
495		0.998604
496		0.999463
497		1
498		1
499		1
500		1
501		1
502		1
503		1
504		1
505		1
506		1
507		1
508		1
509		1
510		1
511		1
512		1
513		1
514		1
515		1
516		1
517		1
518		1
519		1
520		1
521		1
522		1
523		1
524		1
525		1
526		1
527		1
528		1
529		1
530		1
531		1
532		1
533		1
534		1
535		1
536		1
537		1
538		1
539		1
540		1
541		1
542		1
543		1
544		1
545		1
546		1
547		1
548		1
549		1
550		1
551		1
552		1
553		1
554		1
555		1
556		1
557		1
558		1
559		1
560		1
561		1
562		1
563		1
564		1
565		1
566		1
567		1
568		1
569		1
570		1
571		1
572		1
573		1
574		1
575		1
576		1
577		1
578		1
579		1
580		1
581		1
582		1
583		1
584		1
585		1
586		1
587		1
588		1
589		1
590		1
591		1
592		1
593		1
594		1
595		1
596		1
597		1
598		1
599		1
600		1
