# Calibration file of tamex_id 0 @ channel 11
# fine_T bin		 Calibration value
1		0
2		0
3		0
4		0
5		0
6		0
7		0
8		0
9		0
10		0
11		0
12		0
13		0
14		0
15		0
16		0
17		0.00252754
18		0.00781849
19		0.00907811
20		0.00983
21		0.0171366
22		0.018189
23		0.0190235
24		0.019624
25		0.0243994
26		0.026583
27		0.0269048
28		0.0284367
29		0.0310399
30		0.0341218
31		0.0359764
32		0.0366563
33		0.03977
34		0.0408639
35		0.0429812
36		0.0451851
37		0.0482952
38		0.0499744
39		0.0507443
40		0.0541788
41		0.0555279
42		0.0580264
43		0.0599313
44		0.0612357
45		0.0632435
46		0.0654166
47		0.0687638
48		0.070653
49		0.071494
50		0.0727702
51		0.0749475
52		0.0780593
53		0.0797524
54		0.0807775
55		0.0850433
56		0.0862379
57		0.0864862
58		0.0869251
59		0.0927986
60		0.0948507
61		0.0956312
62		0.0964431
63		0.10106
64		0.102252
65		0.103485
66		0.105749
67		0.109417
68		0.110879
69		0.111886
70		0.112107
71		0.118263
72		0.11965
73		0.120367
74		0.122352
75		0.12584
76		0.12774
77		0.128101
78		0.132037
79		0.133231
80		0.135521
81		0.137926
82		0.138586
83		0.140082
84		0.143452
85		0.146933
86		0.147378
87		0.148898
88		0.152315
89		0.155156
90		0.156167
91		0.157046
92		0.158307
93		0.16324
94		0.164182
95		0.165687
96		0.166782
97		0.170731
98		0.173635
99		0.173944
100		0.175716
101		0.180023
102		0.181029
103		0.183445
104		0.185221
105		0.186941
106		0.18898
107		0.191387
108		0.193889
109		0.194763
110		0.197104
111		0.200324
112		0.200955
113		0.202853
114		0.204228
115		0.207608
116		0.211122
117		0.211761
118		0.212374
119		0.21545
120		0.217095
121		0.218539
122		0.22333
123		0.224186
124		0.2256
125		0.228806
126		0.229025
127		0.232998
128		0.235106
129		0.235484
130		0.236592
131		0.243222
132		0.243926
133		0.244318
134		0.245513
135		0.251233
136		0.252315
137		0.252808
138		0.254474
139		0.257666
140		0.259007
141		0.261892
142		0.262804
143		0.265629
144		0.266579
145		0.269036
146		0.270587
147		0.273002
148		0.274248
149		0.278131
150		0.280688
151		0.28165
152		0.283387
153		0.285701
154		0.286719
155		0.290833
156		0.291901
157		0.294906
158		0.296726
159		0.296926
160		0.29819
161		0.304836
162		0.305349
163		0.306125
164		0.308279
165		0.312363
166		0.315094
167		0.315844
168		0.31653
169		0.320598
170		0.323165
171		0.324174
172		0.325575
173		0.329568
174		0.331774
175		0.332768
176		0.334637
177		0.337473
178		0.339787
179		0.341606
180		0.343754
181		0.344784
182		0.347603
183		0.350038
184		0.350962
185		0.351983
186		0.35464
187		0.357529
188		0.360444
189		0.36139
190		0.361578
191		0.365045
192		0.367548
193		0.368492
194		0.370111
195		0.374814
196		0.377201
197		0.377532
198		0.378883
199		0.379872
200		0.385239
201		0.386096
202		0.387064
203		0.389263
204		0.390682
205		0.394736
206		0.396549
207		0.399915
208		0.400982
209		0.403627
210		0.406323
211		0.408529
212		0.411249
213		0.413864
214		0.4141
215		0.416199
216		0.41706
217		0.421154
218		0.423141
219		0.425484
220		0.426796
221		0.429743
222		0.431195
223		0.432965
224		0.434513
225		0.437161
226		0.439886
227		0.441191
228		0.441793
229		0.445633
230		0.446948
231		0.448202
232		0.450372
233		0.455623
234		0.456372
235		0.456632
236		0.457504
237		0.463476
238		0.464477
239		0.466232
240		0.468265
241		0.470637
242		0.470924
243		0.473877
244		0.476288
245		0.479287
246		0.480918
247		0.481457
248		0.482301
249		0.487542
250		0.489036
251		0.492823
252		0.49466
253		0.496541
254		0.498676
255		0.502327
256		0.5043
257		0.506242
258		0.507703
259		0.511151
260		0.512562
261		0.513083
262		0.514302
263		0.520197
264		0.52136
265		0.523043
266		0.523633
267		0.527867
268		0.529632
269		0.530943
270		0.532841
271		0.534647
272		0.537159
273		0.538927
274		0.540873
275		0.542772
276		0.545942
277		0.547511
278		0.54888
279		0.551491
280		0.553837
281		0.555876
282		0.558262
283		0.559596
284		0.563705
285		0.564854
286		0.566557
287		0.57029
288		0.575042
289		0.576192
290		0.577454
291		0.579013
292		0.582812
293		0.58694
294		0.588085
295		0.588358
296		0.588398
297		0.589252
298		0.591879
299		0.593932
300		0.596028
301		0.599418
302		0.600831
303		0.603584
304		0.605069
305		0.605787
306		0.606745
307		0.611875
308		0.61335
309		0.614554
310		0.61498
311		0.618933
312		0.620366
313		0.620955
314		0.624079
315		0.628164
316		0.62913
317		0.630924
318		0.631376
319		0.636689
320		0.638368
321		0.64057
322		0.641496
323		0.644573
324		0.64698
325		0.647419
326		0.649176
327		0.652711
328		0.655285
329		0.657139
330		0.658428
331		0.661324
332		0.663347
333		0.666937
334		0.667396
335		0.668659
336		0.671687
337		0.675196
338		0.676963
339		0.678048
340		0.678527
341		0.686343
342		0.68689
343		0.687994
344		0.691759
345		0.696007
346		0.698236
347		0.698874
348		0.70214
349		0.702939
350		0.708835
351		0.708989
352		0.709168
353		0.710378
354		0.710745
355		0.71254
356		0.716913
357		0.719055
358		0.719799
359		0.720198
360		0.7217
361		0.725449
362		0.72794
363		0.72897
364		0.731178
365		0.734094
366		0.737942
367		0.738782
368		0.740447
369		0.741287
370		0.744777
371		0.74672
372		0.749717
373		0.750029
374		0.751177
375		0.755821
376		0.75755
377		0.758521
378		0.761377
379		0.765678
380		0.766198
381		0.768656
382		0.769359
383		0.774134
384		0.775165
385		0.777261
386		0.778027
387		0.78413
388		0.784555
389		0.785442
390		0.787345
391		0.790601
392		0.793663
393		0.794548
394		0.796544
395		0.799993
396		0.800922
397		0.80207
398		0.805233
399		0.808328
400		0.811057
401		0.811417
402		0.812889
403		0.816287
404		0.820316
405		0.821929
406		0.823126
407		0.823874
408		0.826096
409		0.830063
410		0.832077
411		0.833864
412		0.835174
413		0.840166
414		0.841177
415		0.841817
416		0.843842
417		0.848114
418		0.849999
419		0.851923
420		0.85293
421		0.85642
422		0.858151
423		0.860326
424		0.861562
425		0.864717
426		0.867755
427		0.868339
428		0.870268
429		0.874707
430		0.875563
431		0.878924
432		0.879964
433		0.883314
434		0.8856
435		0.886889
436		0.889832
437		0.891705
438		0.894114
439		0.895394
440		0.897288
441		0.901138
442		0.902354
443		0.905227
444		0.907906
445		0.909987
446		0.912371
447		0.914597
448		0.915319
449		0.91736
450		0.921608
451		0.923502
452		0.92574
453		0.92634
454		0.927065
455		0.934949
456		0.935371
457		0.936205
458		0.937987
459		0.943053
460		0.944076
461		0.945386
462		0.948168
463		0.951005
464		0.952906
465		0.953954
466		0.956064
467		0.960002
468		0.960971
469		0.964169
470		0.965022
471		0.966865
472		0.970337
473		0.972948
474		0.975275
475		0.976163
476		0.97838
477		0.982526
478		0.983879
479		0.985802
480		0.987037
481		0.990821
482		0.991626
483		0.994209
484		0.996899
485		0.99902
486		0.999515
487		0.999706
488		0.999848
489		1
490		1
491		1
492		1
493		1
494		1
495		1
496		1
497		1
498		1
499		1
500		1
501		1
502		1
503		1
504		1
505		1
506		1
507		1
508		1
509		1
510		1
511		1
512		1
513		1
514		1
515		1
516		1
517		1
518		1
519		1
520		1
521		1
522		1
523		1
524		1
525		1
526		1
527		1
528		1
529		1
530		1
531		1
532		1
533		1
534		1
535		1
536		1
537		1
538		1
539		1
540		1
541		1
542		1
543		1
544		1
545		1
546		1
547		1
548		1
549		1
550		1
551		1
552		1
553		1
554		1
555		1
556		1
557		1
558		1
559		1
560		1
561		1
562		1
563		1
564		1
565		1
566		1
567		1
568		1
569		1
570		1
571		1
572		1
573		1
574		1
575		1
576		1
577		1
578		1
579		1
580		1
581		1
582		1
583		1
584		1
585		1
586		1
587		1
588		1
589		1
590		1
591		1
592		1
593		1
594		1
595		1
596		1
597		1
598		1
599		1
600		1
