# Calibration file of tamex_id 0 @ channel 10
# fine_T bin		 Calibration value
1		0
2		0
3		0
4		0
5		0
6		0
7		0
8		0
9		0
10		0
11		0
12		0
13		0
14		0
15		0
16		0
17		0.000305533
18		0.00069456
19		0.00085329
20		0.000908341
21		0.00120975
22		0.00151344
23		0.0016341
24		0.00166621
25		0.00195293
26		0.00208873
27		0.002208
28		0.00250665
29		0.00260253
30		0.00267915
31		0.00274658
32		0.00296541
33		0.00302367
34		0.00342142
35		0.00348197
36		0.00364208
37		0.00390587
38		0.00403202
39		0.00434994
40		0.00464951
41		0.00534086
42		0.00617672
43		0.00679237
44		0.0077053
45		0.00945042
46		0.0097688
47		0.0145697
48		0.0156391
49		0.0158996
50		0.0175585
51		0.0223567
52		0.0230411
53		0.0257033
54		0.0264263
55		0.0313066
56		0.033777
57		0.035796
58		0.0379815
59		0.0460483
60		0.0465713
61		0.0481017
62		0.0508671
63		0.0564727
64		0.0600299
65		0.0659506
66		0.0681623
67		0.0730003
68		0.0750675
69		0.0780325
70		0.0827434
71		0.0882797
72		0.0903625
73		0.0961942
74		0.0971448
75		0.0979614
76		0.104528
77		0.105312
78		0.106668
79		0.109389
80		0.110096
81		0.112445
82		0.11449
83		0.115977
84		0.116193
85		0.119341
86		0.119506
87		0.120249
88		0.120443
89		0.120546
90		0.120749
91		0.120896
92		0.121019
93		0.121158
94		0.12124
95		0.121302
96		0.121447
97		0.121695
98		0.121846
99		0.122014
100		0.122078
101		0.122268
102		0.122419
103		0.122569
104		0.122643
105		0.122798
106		0.122883
107		0.123038
108		0.123193
109		0.123317
110		0.123495
111		0.12366
112		0.12383
113		0.12385
114		0.123924
115		0.124249
116		0.12443
117		0.124482
118		0.12463
119		0.124818
120		0.125068
121		0.125258
122		0.125698
123		0.126661
124		0.127201
125		0.127792
126		0.12819
127		0.131126
128		0.132305
129		0.133569
130		0.134098
131		0.137339
132		0.13946
133		0.141588
134		0.142804
135		0.149472
136		0.150574
137		0.151118
138		0.152176
139		0.155821
140		0.15879
141		0.163275
142		0.168253
143		0.172824
144		0.176452
145		0.177015
146		0.17954
147		0.191042
148		0.19335
149		0.199727
150		0.201376
151		0.206474
152		0.211331
153		0.2125
154		0.216384
155		0.218553
156		0.218652
157		0.225997
158		0.226298
159		0.226614
160		0.231107
161		0.233323
162		0.236877
163		0.241732
164		0.244469
165		0.24504
166		0.253114
167		0.253837
168		0.254177
169		0.25945
170		0.260244
171		0.260287
172		0.267562
173		0.268065
174		0.2687
175		0.27351
176		0.274434
177		0.276045
178		0.280081
179		0.281995
180		0.285113
181		0.286094
182		0.290952
183		0.293142
184		0.294264
185		0.295876
186		0.300909
187		0.302645
188		0.309623
189		0.310707
190		0.311975
191		0.312326
192		0.317324
193		0.318924
194		0.323307
195		0.326837
196		0.328341
197		0.328582
198		0.332846
199		0.334294
200		0.338192
201		0.340736
202		0.342309
203		0.347436
204		0.348712
205		0.355565
206		0.357438
207		0.362174
208		0.365444
209		0.366174
210		0.371832
211		0.378619
212		0.385645
213		0.388207
214		0.391692
215		0.401086
216		0.403218
217		0.407249
218		0.415224
219		0.419109
220		0.424895
221		0.427877
222		0.42963
223		0.437728
224		0.443211
225		0.446037
226		0.452045
227		0.455662
228		0.462431
229		0.464302
230		0.471461
231		0.474377
232		0.479351
233		0.481844
234		0.487744
235		0.489647
236		0.494016
237		0.502798
238		0.503695
239		0.507885
240		0.509921
241		0.515787
242		0.517653
243		0.52032
244		0.524581
245		0.530152
246		0.532868
247		0.533451
248		0.536417
249		0.544738
250		0.54688
251		0.548519
252		0.54943
253		0.557726
254		0.558699
255		0.56036
256		0.563639
257		0.56794
258		0.570784
259		0.574223
260		0.575656
261		0.581547
262		0.584008
263		0.586812
264		0.588319
265		0.593215
266		0.596839
267		0.59762
268		0.60316
269		0.603578
270		0.606854
271		0.609065
272		0.611719
273		0.615808
274		0.616553
275		0.619512
276		0.619906
277		0.624084
278		0.626909
279		0.631338
280		0.631633
281		0.632561
282		0.637999
283		0.641614
284		0.642744
285		0.644502
286		0.645195
287		0.655004
288		0.656204
289		0.657393
290		0.664574
291		0.667387
292		0.669541
293		0.670059
294		0.678319
295		0.678367
296		0.681503
297		0.682822
298		0.684786
299		0.686082
300		0.690237
301		0.692799
302		0.694283
303		0.696576
304		0.697815
305		0.705827
306		0.706182
307		0.706635
308		0.708254
309		0.713571
310		0.715123
311		0.716967
312		0.718378
313		0.720097
314		0.722777
315		0.723707
316		0.725523
317		0.727942
318		0.728744
319		0.730076
320		0.731757
321		0.731926
322		0.734462
323		0.735545
324		0.735925
325		0.737087
326		0.737965
327		0.738685
328		0.739157
329		0.740027
330		0.740177
331		0.741048
332		0.741228
333		0.741398
334		0.741875
335		0.742044
336		0.742197
337		0.742455
338		0.742603
339		0.742912
340		0.743165
341		0.743279
342		0.743501
343		0.743734
344		0.744181
345		0.744259
346		0.744419
347		0.744667
348		0.745391
349		0.745763
350		0.745772
351		0.746032
352		0.746461
353		0.746812
354		0.747987
355		0.748309
356		0.749021
357		0.749021
358		0.750804
359		0.75153
360		0.753807
361		0.755782
362		0.756246
363		0.757421
364		0.760548
365		0.762882
366		0.76399
367		0.765141
368		0.76715
369		0.770855
370		0.772559
371		0.774798
372		0.777493
373		0.781505
374		0.783605
375		0.785472
376		0.787112
377		0.793056
378		0.795051
379		0.798502
380		0.799569
381		0.805444
382		0.807615
383		0.80893
384		0.80972
385		0.81604
386		0.81785
387		0.818315
388		0.821485
389		0.824822
390		0.827096
391		0.828041
392		0.830516
393		0.831845
394		0.835809
395		0.838124
396		0.839644
397		0.841789
398		0.842303
399		0.845743
400		0.84883
401		0.849053
402		0.851662
403		0.85216
404		0.85328
405		0.854097
406		0.855901
407		0.857481
408		0.857747
409		0.858136
410		0.858563
411		0.859845
412		0.860318
413		0.860618
414		0.860671
415		0.860997
416		0.861216
417		0.861497
418		0.861642
419		0.862057
420		0.862201
421		0.862293
422		0.862457
423		0.862658
424		0.863045
425		0.863089
426		0.863163
427		0.863387
428		0.863599
429		0.863793
430		0.864132
431		0.864224
432		0.864297
433		0.864903
434		0.865181
435		0.865531
436		0.86647
437		0.867718
438		0.867912
439		0.868373
440		0.869082
441		0.872857
442		0.874178
443		0.875839
444		0.876085
445		0.881097
446		0.883555
447		0.883694
448		0.885818
449		0.891004
450		0.891705
451		0.893113
452		0.894204
453		0.899021
454		0.904336
455		0.905436
456		0.908312
457		0.912888
458		0.91582
459		0.918642
460		0.921111
461		0.92288
462		0.927115
463		0.931836
464		0.9358
465		0.936701
466		0.940542
467		0.944687
468		0.946777
469		0.94748
470		0.951873
471		0.952976
472		0.957558
473		0.960072
474		0.9604
475		0.966831
476		0.968054
477		0.969267
478		0.972757
479		0.974818
480		0.978996
481		0.980746
482		0.981338
483		0.985134
484		0.987973
485		0.9894
486		0.989695
487		0.993645
488		0.993868
489		0.994501
490		0.996868
491		0.997174
492		0.997782
493		0.998506
494		0.998908
495		0.999002
496		0.999413
497		0.999758
498		0.999928
499		0.999971
500		0.999981
501		1
502		1
503		1
504		1
505		1
506		1
507		1
508		1
509		1
510		1
511		1
512		1
513		1
514		1
515		1
516		1
517		1
518		1
519		1
520		1
521		1
522		1
523		1
524		1
525		1
526		1
527		1
528		1
529		1
530		1
531		1
532		1
533		1
534		1
535		1
536		1
537		1
538		1
539		1
540		1
541		1
542		1
543		1
544		1
545		1
546		1
547		1
548		1
549		1
550		1
551		1
552		1
553		1
554		1
555		1
556		1
557		1
558		1
559		1
560		1
561		1
562		1
563		1
564		1
565		1
566		1
567		1
568		1
569		1
570		1
571		1
572		1
573		1
574		1
575		1
576		1
577		1
578		1
579		1
580		1
581		1
582		1
583		1
584		1
585		1
586		1
587		1
588		1
589		1
590		1
591		1
592		1
593		1
594		1
595		1
596		1
597		1
598		1
599		1
600		1
