0   6   0   12  0   1
1   6   1   12  1   1
2   6   2   12  2   1
3   6   3   12  3   1
4   6   4   12  4   1
5   6   5   12  5   1
6   6   6   12  10  1
7   6   7   12  7   1
8   7   0   12  8   1
9   7   1   12  9   1
10  7   2   12  6   1
11  7   3   12  11  1
12  7   4   12  12  1
13  7   5   12  13  1
14  7   6   12  14  1
15  7   7   12  15  1
16  8   0   12  16  1
17  8   1   12  17  1
18  8   2   12  18  1
19  8   3   12  19  1
20  8   4   12  20  1
21  8   5   12  21  1
22  8   6   12  28  1
23  8   7   12  29  1
24  9   0   12  24  1
25  9   1   12  25  1
26  9   2   12  26  1
27  9   3   12  27  1
28  9   4   12  22  1
29  9   5   12  23  1
30  9   6   12  30  1
31  9   7   12  31  1
#TDC2
32  10  0   13  0   1 
33  10  1   13  6   1
34  10  2   13  2   1
35  10  3   13  3   1
36  10  4   13  4   0
37  10  5   13  5   0
38  10  6   13  6   1 
39  10  7   13  7   1
40  11  0   13  8   1
41  11  1   13  9   1
42  11  2   13  10  1
43  11  3   13  11  1
44  11  4   13  12  1
45  11  5   13  13  1
46  11  6   13  14  1
47  11  7   13  15  1
48  12  0   10  16  1
49  12  1   10  17  1
50  12  2   10  18  1
51  12  3   10  19  1
52  12  4   10  20  1
53  12  5   10  21  1
54  12  6   10  22  1
55  12  7   10  23  1
56  13  0   10  24  1
57  13  1   10  25  1
58  13  2   10  26  1
59  13  3   10  27  1
60  13  4   10  28  1
61  13  5   10  29  1
62  13  6   10  30  1
63  13  7   10  31  1
#
#Additional channels
#50  10  10  12   5   0
#51  10  11  12   6   0
