#Fatima bPlas TAMEX allocation file. Detector_sys = 0 Fatima, 1 bPlas1, 2 bPlas2
#TAMEXID TAMEX_Ch. Detector_Chan.
0   0   0
0   1   1
0   2   2
0   3   3
0   4   4
0   5   5
0   6   6
0   7   7
0   8   8
0   9   9
0   10  10
0   11  11
0   12  12
0   13  13
0   14  14
0   15  15
1   16  16
1   17  17
1   18  18
1   19  19
1   20  20
1   21  21
1   22  22
1   23  23
1   24  24
1   25  25
1   26  26
1   27  27
1   28  28
1   29  29
1   30  30
1   31  31
2   32  32
2   33  33
2   34  34
2   35  35
2   36  36
2   37  37
2   38  38
2   39  39
2   40  40
2   41  41
2   42  42
2   43  43
2   44  44
2   45  45
2   46  46
2   47  47


