00  0   5.36E-011   -8.36E-007  0.156967    -2.19158
01  0   3.25E-011   -7.75E-007  0.148406    -1.24138
02  0   1.21E-011   -5.70E-007  0.135327    0.521221
03  0   4.46E-011   -6.30E-007  0.128269    1.09844
04  0   1.26E-011   -9.12E-007  0.17326         -0.936811
05  0   3.83E-011   -6.65E-007  0.171514    -0.970369
06  0   0               0           0               0
07  0   -8.71E-011  1.35E-006   0.12968         16.4778
08  0   -1.16E-010  2.11E-006   0.124369    22.9588
09  0   1.93E-011   -7.16E-007  0.167783    1.25707
10  0   -7.69E-011  1.11E-006   0.13068         16.3422
11  0   1.79E-011   -2.07E-007  0.141726    2.42473
12  0   3.78E-011   -4.85E-007  0.146415    -0.32816
13  0   8.33E-012   -6.14E-007  0.150077    2.82381
14  0   5.96E-012   -2.56E-007  0.154721    1.82712
15  0   6.75E-012   -4.64E-007  0.127747    0.124083
16  0   -2.91E-011  7.62E-007   0.150156    2.51018
17  0   0               0           0               0
18  0   1.45E-011   -6.85E-007  0.144299    2.39234
19  0   0.00E+000   3.37E-007   0.150598    -30.0371
20  0   -7.65E-011  7.75E-007   0.164946    13.6932
21  0   0           6.31E-008   0.152004       -9.11326
22  0   1.84E-011   -3.60E-008  0.125718    2.35145
23  0   3.07E-011   -2.40E-007  0.149984    -0.986468
24  0   4.12E-011   -2.04E-008  0.138426    4.51468
25  0   -1.41E-011  -2.11E-007  0.153887    1.32176
26  0   4.18E-011   -7.50E-007  0.162728    1.49177
27  0   -3.04E-012  -1.10E-007  0.136342    -1.3683
28  0   0           -9.64E-007  0.287891    2.67034
29  0   1.24E-010   -1.26E-006  0.162232    0.861804
30  0   -5.92E-010  9.77E-006   0.12283         65.2389
31  0   -4.86E-010  8.34E-006   0.111502    67.1104
32  0   5.29E-011   -1.13E-006  0.166985    0.12822
33  0   4.30E-011   -1.22E-006  0.16376         2.6721
34  0   2.64E-011   -8.24E-007  0.114674    0.0265033
35  0   6.17E-011   -1.20E-006  0.1353         -0.550966
36  0   0               0           0               0
37  0   0               0           0               0
38  0   0               0           0               0 
39  0   0               0           0               0 
40  0   0               0           0               0 
41  0   0               0           0               0
42  0   0               0           0               0 
43  0   0               0           0               0
44  0   0               0           0               0  
45  0   0               0           0               0 
46  0   0               0           0               0 
47  0   0               0           0               0 
48  0   0               0           0               0 
49  0   0               0           0               0



