0   0   1   0
1   0.00000412264    1.415974    0.106301
2   0.00000408553    1.289268    0.050597
3   0.000000343802   1.295560    0.128611
4  -0.000000053000   1.322782   -0.013381
5  -0.000000123332   1.282850   -0.477396
6   0.00000362050    1.380663    0.024566
7   0.00000381617    1.399704    0.252590
8   0.00000343752    1.400839   -0.272015
9   0.00000424127    1.303446    0.349021
10  0   1   0
11  0.00000400856    1.307427    0.146922
12  0   1   0
13  0   1   0
14  0   1   0
15  0   1   0
16  0   1   0
17  0   1   0
18  0   1   0
19  0   1   0
20  0   1   0
21  0   1   0
22  0   1   0
23  0   1   0
24  0   1   0
25  0   1   0
26  0   1   0
27  0   1   0
28  0   1   0
29  0   1   0
30  0   1   0
31  0   1   0
32  0   1   0
33  0   1   0
34  0   1   0
35  0   1   0
